1	600	0.2857	2.4955	3.6057	0.4722	0.001666667
1.8	600	0.359	2.5089	4.898	0.4869	0.003
1	800	0.1854	2.1863	2.7688	0.3524	0.00125
1.8	800	0.4008	2.8211	4.6922	0.59	0.00225
1	700	0.2352	2.3699	3.4275	0.4413	0.001428571
1.8	700	0.3796	2.694	5.0354	0.5674	0.002571429
1.4	600	0.3227	2.6525	4.5296	0.3796	0.002333333
1.4	800	0.2934	2.654	4.0083	0.3712	0.00175
1.4	700	0.3077	2.6823	4.5092	0.4044	0.002
1.4	700	0.3077	2.6823	4.5092	0.4044	0.002
1.4	700	0.3077	2.6823	4.5092	0.4044	0.002
1	600	0.2857	2.4955	3.6057	0.4722	0.001666667
1.8	600	0.359	2.5089	4.898	0.4869	0.003
1	800	0.1854	2.1863	2.7688	0.3524	0.00125
1.8	800	0.4008	2.8211	4.6922	0.59	0.00225
1	700	0.2352	2.3699	3.4275	0.4413	0.001428571
1.8	700	0.3796	2.694	5.0354	0.5674	0.002571429
1.4	600	0.3227	2.6525	4.5296	0.3796	0.002333333
1.4	800	0.2934	2.654	4.0083	0.3712	0.00175
1.4	700	0.3077	2.6823	4.5092	0.4044	0.002
1.4	700	0.3077	2.6823	4.5092	0.4044	0.002
1.4	700	0.3077	2.6823	4.5092	0.4044	0.002
1	600	0.2857	2.4955	3.6057	0.4722	0.001666667
1.8	600	0.359	2.5089	4.898	0.4869	0.003
1	800	0.1854	2.1863	2.7688	0.3524	0.00125
1.8	800	0.4008	2.8211	4.6922	0.59	0.00225
1	700	0.2352	2.3699	3.4275	0.4413	0.001428571
1.8	700	0.3796	2.694	5.0354	0.5674	0.002571429
1.4	600	0.3227	2.6525	4.5296	0.3796	0.002333333
1.4	800	0.2934	2.654	4.0083	0.3712	0.00175
1.4	700	0.3077	2.6823	4.5092	0.4044	0.002
1.4	700	0.3077	2.6823	4.5092	0.4044	0.002
1.4	700	0.3077	2.6823	4.5092	0.4044	0.002
1.13	656.58	0.2754	2.5428	3.9493	0.4205	0.001721039
1.48	792.37	0.3158	2.714	4.2448	0.4032	0.001867814
1.67	714.55	0.3567	2.7381	4.8924	0.4943	0.002337135
1.2	777.02	0.2479	2.4918	3.6467	0.3561	0.001544362
1.59	721.45	0.3425	2.74	4.7781	0.4605	0.002203895
1.56	767.55	0.3374	2.7537	4.5503	0.4465	0.002032441
1.49	755.57	0.3201	2.7214	4.4741	0.4189	0.001972021
1.43	682.41	0.3151	2.6902	4.6022	0.4086	0.002095514
1.29	699.79	0.2881	2.6272	4.2709	0.3947	0.00184341
1.71	701.06	0.3642	2.7182	4.9673	0.5157	0.002439164
1.41	651.3	0.3166	2.6775	4.6005	0.4007	0.002164901
1.71	649.76	0.3569	2.6498	4.9735	0.4859	0.002631741
1.07	786.88	0.2112	2.3194	3.1508	0.3544	0.001359801
1.24	753.25	0.2629	2.5499	3.8948	0.3728	0.0016462
1.62	790.49	0.3509	2.7787	4.5065	0.4672	0.002049362
1.59	755.62	0.3435	2.7581	4.6525	0.4609	0.002104232
1.79	724.4	0.3817	2.7338	4.9851	0.5683	0.00247101
1.07	799.32	0.2056	2.2957	3.0434	0.3416	0.001338638
1.68	700.88	0.3581	2.723	4.9342	0.4977	0.002396987
1.48	787.55	0.3147	2.7117	4.2653	0.4033	0.001879246
1.7	685.83	0.3602	2.7018	4.9723	0.5026	0.002478748
1.15	649.57	0.2809	2.5625	4.0144	0.4167	0.001770402
1.16	714.85	0.2581	2.5121	3.8549	0.3969	0.001622718
1.27	645.52	0.2989	2.6332	4.3222	0.3978	0.001967406
1.42	644.43	0.3179	2.6755	4.6065	0.3991	0.002203498
1.59	640.78	0.3404	2.6714	4.8516	0.4328	0.002481351
1.12	643.96	0.2788	2.5439	3.9326	0.4254	0.001739238
1.73	671.81	0.3623	2.6763	4.9982	0.5083	0.002575133
1.62	603.64	0.3428	2.6163	4.8112	0.4166	0.002683719
1.72	746.91	0.3723	2.7679	4.8611	0.5328	0.002302821
1.6	690.84	0.3429	2.7183	4.8523	0.4573	0.002316021
1.14	779.22	0.2301	2.4116	3.4195	0.3557	0.001463001
1.09	717.41	0.2442	2.4445	3.645	0.4065	0.001519354
1.56	663.14	0.3371	2.6958	4.8294	0.4357	0.002352444
1.74	690.01	0.3676	2.6973	5.0036	0.5267	0.002521703
1.61	678.71	0.3446	2.7071	4.8813	0.4583	0.002372147
1.37	627.14	0.3153	2.6621	4.5213	0.3909	0.00218452
1.76	634.49	0.3615	2.6005	4.9837	0.5009	0.002773881
1.78	757.75	0.3865	2.7767	4.8755	0.571	0.00234906
1.07	683.91	0.2553	2.4673	3.7176	0.4274	0.001564533
1.23	680.65	0.2831	2.599	4.1767	0.3998	0.001807096
1.54	662.02	0.3336	2.6955	4.7983	0.4284	0.002326214
1.37	650.7	0.3103	2.6663	4.5144	0.3971	0.002105425
1.35	630.53	0.3118	2.658	4.4778	0.3918	0.002141056
1.1	676.25	0.2638	2.5053	3.8374	0.4217	0.001626617
1.26	789.53	0.2576	2.5323	3.7084	0.3498	0.001595886
1.28	716.8	0.2826	2.6142	4.1939	0.3903	0.001785714
1.18	669.2	0.278	2.5689	4.0594	0.4084	0.001763299
1.16	652.01	0.2821	2.571	4.0514	0.4132	0.001779114
1.73	779.25	0.3784	2.7974	4.727	0.5382	0.002220083
1.64	734.06	0.3524	2.7536	4.8018	0.4828	0.00223415
1.27	716.36	0.2808	2.6077	4.1716	0.3901	0.001772852
1.27	621.73	0.3052	2.6359	4.3216	0.3938	0.002042687
1.24	734.95	0.2696	2.5715	4.0109	0.3824	0.00168719
1.04	714.68	0.235	2.3898	3.4854	0.4209	0.001455197
1.34	634.07	0.3098	2.6561	4.4595	0.3929	0.002113331
1.57	753.05	0.3379	2.7503	4.6251	0.45	0.002084855
1.53	640.35	0.3333	2.6781	4.7822	0.4171	0.002389318
1.15	694.7	0.2648	2.529	3.9226	0.4057	0.001655391
1.5	613.43	0.3311	2.6572	4.706	0.3964	0.002445267
1.15	714.89	0.2568	2.5064	3.8367	0.3977	0.001608639
1.49	758.51	0.3208	2.7232	4.4669	0.4195	0.001964378
1.41	749.33	0.3025	2.6806	4.3411	0.3973	0.001881681
1.78	779.02	0.391	2.7996	4.7835	0.5741	0.002284922
1.43	612.17	0.3234	2.6603	4.5937	0.387	0.002335952
1.13	718.5	0.251	2.4804	3.7525	0.3993	0.001572721
1.19	668.19	0.2799	2.5766	4.0882	0.407	0.001780931
1.17	728.02	0.2563	2.5123	3.838	0.3888	0.001607099
1.53	703.46	0.3316	2.7213	4.7387	0.437	0.002174964
1.46	634.74	0.3252	2.6753	4.6822	0.4016	0.002300154
1.29	615.33	0.3088	2.6413	4.3535	0.3903	0.002096436
1.69	746.08	0.3644	2.7667	4.8241	0.5115	0.002265173
1.08	764.75	0.2218	2.3626	3.3326	0.3744	0.001412226
1.32	707.75	0.2923	2.6436	4.3222	0.3947	0.001865065
1.34	677.14	0.3014	2.658	4.434	0.3985	0.001978911
1.08	768.52	0.2203	2.3574	3.3086	0.371	0.001405298
1.02	634.05	0.2711	2.4783	3.6661	0.4591	0.001608706
1.66	602.24	0.3466	2.5967	4.8398	0.4288	0.002756376
1.47	759.69	0.3163	2.7142	4.4241	0.4127	0.001935
1.52	616.64	0.3329	2.6578	4.7361	0.4017	0.002464971
1.64	733.15	0.3525	2.7531	4.8062	0.4832	0.002236923
1.13	796.46	0.2215	2.3746	3.2562	0.3402	0.001418778
1.18	658.25	0.2826	2.5794	4.092	0.4091	0.001792632
1.2	602.4	0.3032	2.6102	4.1348	0.4021	0.001992032
1.11	604.53	0.2941	2.5663	3.9201	0.4273	0.001836137
1.06	666.08	0.2614	2.4771	3.7314	0.4372	0.0015914
1.48	670.05	0.3241	2.6963	4.703	0.4159	0.00220879
1.06	684.24	0.2535	2.4575	3.6865	0.43	0.001549164
1.47	645.77	0.3248	2.6823	4.6949	0.4067	0.002276352
1.39	615.6	0.319	2.6599	4.5368	0.3869	0.00225796
1.13	606.97	0.2949	2.5756	3.9709	0.4215	0.001861707
1.28	734.3	0.2765	2.5978	4.0984	0.3837	0.001743157
1.39	687.01	0.3072	2.6763	4.5103	0.4026	0.00202326
1.64	657.14	0.3476	2.6805	4.9154	0.4591	0.002495663
1.66	672.71	0.3524	2.694	4.9407	0.4772	0.002467631
1.14	720.6	0.2534	2.494	3.7919	0.3958	0.001582015
1.11	608.15	0.2925	2.5637	3.9203	0.428	0.001825208
1.79	732.76	0.3833	2.7451	4.9643	0.5708	0.002442819
1.49	603.19	0.3304	2.6498	4.6647	0.3879	0.0024702
1.73	627.1	0.3562	2.6058	4.9491	0.4771	0.002758731
1.35	628.22	0.3124	2.6579	4.4802	0.3911	0.002148929
1.61	622.56	0.3428	2.6444	4.8498	0.4287	0.002586096
1.52	629.98	0.3328	2.6696	4.7627	0.4102	0.002412775
1.12	774.2	0.2269	2.3941	3.3894	0.3616	0.001446655
1.7	624.22	0.3522	2.6158	4.9227	0.4608	0.002723399
1.09	662.6	0.2673	2.5064	3.8267	0.4295	0.001645035
1.03	680.5	0.2496	2.4283	3.5912	0.4421	0.001513593
1.58	636.21	0.3396	2.6676	4.8401	0.4284	0.002483457
1.61	724.77	0.346	2.7442	4.7921	0.4682	0.002221394
1.69	775.39	0.3677	2.7892	4.6954	0.5117	0.002179548
1.64	763.57	0.3559	2.7738	4.6924	0.4864	0.002147806
1.12	748.79	0.2378	2.435	3.5704	0.3813	0.001495746
1.75	775.09	0.3821	2.795	4.7678	0.5503	0.002257802
1.53	626.57	0.3333	2.6662	4.7618	0.409	0.002441866
1.37	745.08	0.2938	2.656	4.267	0.3899	0.001838729
1.38	664.77	0.3106	2.674	4.5415	0.4007	0.002075906
1.73	687.05	0.3655	2.6959	4.9981	0.5198	0.002518012
1.58	632.07	0.3388	2.6643	4.8276	0.4241	0.002499723
1.22	661.34	0.2863	2.5983	4.1711	0.4039	0.001844739
1.47	742.64	0.3173	2.7137	4.5029	0.4163	0.001979425
1.25	772.56	0.2601	2.5415	3.8048	0.3612	0.001617997
1.79	772.97	0.3927	2.7929	4.8236	0.5825	0.002315743
1.15	625.01	0.2904	2.5788	4.0352	0.4167	0.001839971
1.66	627.14	0.3482	2.6355	4.9	0.4479	0.002646937
1.39	614.12	0.3194	2.6594	4.5379	0.3863	0.002263401
1.44	773.85	0.3074	2.6943	4.2789	0.3975	0.001860826
1.49	751.77	0.3209	2.7223	4.4971	0.4206	0.001981989
1.14	619.58	0.291	2.5745	4.0024	0.4198	0.001839956
1.6	700.91	0.3439	2.7264	4.8413	0.4615	0.002282747
1.27	692.81	0.2868	2.6197	4.2499	0.3959	0.001833114
1.56	694.54	0.3367	2.7196	4.7973	0.4448	0.002246091
1.75	716.17	0.3742	2.7294	4.9779	0.5455	0.002443554
1.29	667.81	0.2952	2.6349	4.3314	0.398	0.001931687
1.37	622.04	0.316	2.6602	4.5138	0.3891	0.002202431
1.23	785.55	0.2525	2.512	3.6692	0.3508	0.001565782
1.77	649.15	0.3654	2.6211	5.013	0.5184	0.002726643
1.79	607.3	0.3597	2.5304	4.922	0.4903	0.002947472
1.45	739.37	0.3135	2.7052	4.4802	0.4114	0.001961129
1.55	763.97	0.3331	2.7463	4.5375	0.4392	0.002028875
1.06	700.7	0.2451	2.4307	3.6093	0.4238	0.001512773
1.56	687.52	0.3362	2.7146	4.8041	0.4421	0.002269025
1.72	674.19	0.3623	2.6804	4.9963	0.5084	0.00255121
1.2	607.47	0.3014	2.6084	4.1372	0.4035	0.001975406
1.16	664.15	0.2776	2.562	4.0295	0.4119	0.001746593
1.75	692.74	0.3701	2.6978	5.0105	0.5349	0.0025262
1.64	719.04	0.3513	2.7421	4.8454	0.4805	0.002280819
1.36	700.18	0.3009	2.6655	4.43	0.3993	0.001942358
1.79	666.16	0.3706	2.644	5.036	0.5388	0.002687042
1.75	687.47	0.3693	2.6901	5.0146	0.5325	0.002545566
1.43	756.91	0.307	2.6926	4.3536	0.401	0.00188926
1.13	630.25	0.2864	2.5652	3.989	0.4214	0.001792939
1.44	712.65	0.313	2.6975	4.5466	0.4108	0.002020627
1.68	609.96	0.349	2.6004	4.8757	0.4423	0.002754279
1.66	751.49	0.3581	2.7683	4.7647	0.4945	0.002208945
1.44	653.35	0.3196	2.6824	4.6416	0.4041	0.002204025
1.2	687.65	0.2763	2.5757	4.0871	0.4009	0.001745074
1.52	674.57	0.3307	2.7036	4.7672	0.4278	0.002253287
1.36	674.77	0.3058	2.6682	4.4898	0.4	0.002015502
1.46	623.05	0.3254	2.6675	4.6573	0.3952	0.002343311
1.68	701.28	0.3586	2.7232	4.9361	0.499	0.002395619
1.12	716.91	0.2497	2.4727	3.7305	0.4017	0.00156226
1.02	752.8	0.2138	2.3089	3.216	0.3961	0.001354942
1.6	740.81	0.344	2.7519	4.7203	0.4635	0.002159798
1.76	714.49	0.3755	2.7254	4.9881	0.5502	0.002463295
1.14	661.83	0.2747	2.5452	3.9646	0.4175	0.001722497
1.35	611.35	0.3162	2.654	4.4703	0.3851	0.002208228
1.16	762.96	0.2407	2.4558	3.5926	0.3677	0.001520394
1.06	693.15	0.249	2.4435	3.6471	0.4268	0.001529251
1	635.51	0.2677	2.4581	3.5993	0.4677	0.001573539
1.46	795.36	0.31	2.6997	4.1789	0.3937	0.001835647
1.1	720.76	0.2458	2.4556	3.6751	0.4017	0.001526167
1.13	667.46	0.2722	2.5389	3.9473	0.4169	0.001692985
1.72	716.23	0.3669	2.7356	4.9435	0.5229	0.002401463
1.26	705.09	0.2811	2.6045	4.1776	0.3933	0.001787006
1.34	787.13	0.281	2.617	3.9645	0.3652	0.001702387
1.19	766.74	0.2476	2.4886	3.6735	0.3636	0.001552025
1.24	710.26	0.2767	2.5899	4.1184	0.392	0.00174584
1.66	693.57	0.3545	2.7171	4.927	0.487	0.002393414
1.56	740.52	0.3355	2.7426	4.6602	0.4465	0.002106628
1.63	738.53	0.3518	2.7564	4.7811	0.4811	0.002207087
1.38	654.01	0.3117	2.6707	4.54	0.3985	0.002110059
1.74	779.87	0.3811	2.7988	4.736	0.5453	0.002231141
1.51	763.56	0.3256	2.7332	4.4821	0.4263	0.001977579
1.56	653.06	0.3368	2.6871	4.8264	0.4308	0.002388754
1.62	682.73	0.3458	2.7105	4.885	0.4621	0.002372827
1.6	642.72	0.342	2.6714	4.8666	0.4377	0.00248942
1.17	771.17	0.2419	2.4641	3.5901	0.3607	0.001517175
1.18	723.58	0.2596	2.5247	3.8834	0.3903	0.00163078
1.47	782.37	0.3126	2.7069	4.2779	0.402	0.001878906
1.29	644.31	0.3016	2.6409	4.3631	0.3965	0.002002142
1.34	698.46	0.2964	2.6525	4.3765	0.397	0.001918506
1.09	692	0.2546	2.4737	3.7417	0.4197	0.001575145
1.18	774.24	0.242	2.4652	3.5828	0.3582	0.001524075
1.36	636.91	0.3118	2.6618	4.5005	0.3937	0.00213531
1.29	795.66	0.2658	2.5631	3.7663	0.35	0.001621296
1.62	662.26	0.3457	2.6891	4.8998	0.4556	0.002446169
1.06	654.32	0.266	2.4858	3.7414	0.4421	0.001620002
1.65	759.86	0.3572	2.7729	4.7194	0.4906	0.002171453
1.7	710.17	0.3634	2.7305	4.9419	0.5131	0.002393793
1.04	689.29	0.2478	2.4309	3.6063	0.4336	0.001508799
1.05	789.56	0.2044	2.285	3.0534	0.3547	0.001329855
1.54	714.61	0.3327	2.7281	4.7222	0.4405	0.002155022
1.77	725.61	0.3799	2.7377	4.9741	0.5617	0.002439327
1.35	730.95	0.2937	2.6536	4.3039	0.3924	0.001846912
1.51	614.95	0.3321	2.6574	4.722	0.3991	0.002455484
1.11	629.78	0.2835	2.549	3.9209	0.4287	0.00176252
1.1	751.19	0.2319	2.4067	3.4858	0.3825	0.001464343
1.76	765.87	0.384	2.7863	4.8256	0.56	0.00229804
1.13	611.42	0.2928	2.5713	3.9649	0.423	0.001848157
1.25	649.94	0.2952	2.6237	4.2773	0.3997	0.001923254
1.75	710.99	0.3729	2.7231	4.9858	0.5423	0.002461357
1.7	642.9	0.3544	2.6443	4.956	0.4752	0.002644268
1.52	714.58	0.3292	2.7241	4.6925	0.4342	0.002127124
1.26	684.46	0.287	2.6161	4.2424	0.3975	0.001840867
1.79	775.49	0.3922	2.7958	4.8079	0.5796	0.002308218
1.73	717.46	0.369	2.7357	4.9506	0.5292	0.002411284
1.78	657.44	0.3681	2.6315	5.0266	0.5293	0.002707471
1.26	761.09	0.2649	2.5592	3.8982	0.369	0.00165552
1.66	776.57	0.36	2.784	4.646	0.4925	0.002137605
1.16	794.23	0.2295	2.412	3.3628	0.3414	0.001460534
1.38	677.78	0.3079	2.6741	4.5173	0.4017	0.002036059
1.25	691.09	0.2833	2.6061	4.1987	0.3968	0.001808737
1.43	651.86	0.319	2.6809	4.6327	0.403	0.002193723
1.78	604.48	0.3582	2.5312	4.9095	0.4824	0.00294468
1.67	770.25	0.3631	2.7831	4.6992	0.502	0.002168127
1.15	614.77	0.2938	2.5817	4.0222	0.4171	0.001870618
1.1	647.34	0.2751	2.5282	3.8795	0.4299	0.001699262
1.67	608.76	0.3475	2.6049	4.8624	0.436	0.002743281
1.56	610.85	0.337	2.6444	4.7694	0.4059	0.002553818
1.76	686.27	0.3704	2.6859	5.0209	0.5364	0.002564588
1.45	690.94	0.3175	2.6978	4.6235	0.4132	0.00209859
1.7	667.5	0.3571	2.6793	4.9732	0.4905	0.002546816
1.36	627.51	0.3137	2.6598	4.4977	0.3909	0.002167296
1.26	651.68	0.2955	2.6259	4.2886	0.3993	0.001933464
1.36	779.58	0.287	2.6368	4.0613	0.3736	0.001744529
1.42	625.06	0.3206	2.6669	4.595	0.3922	0.002271782
1.6	735	0.3454	2.75	4.7525	0.4669	0.002176871
1.49	693.67	0.3247	2.7092	4.6928	0.4235	0.002147995
1.42	710.97	0.31	2.6907	4.5189	0.4074	0.001997271
1.3	650.85	0.3017	2.6454	4.3875	0.3967	0.001997388
1.8	688.84	0.3767	2.6775	5.042	0.5592	0.002613089
1.42	724.33	0.3081	2.6899	4.4713	0.4056	0.001960432
1.68	705.14	0.3591	2.7273	4.9302	0.5005	0.002382506
1.73	626.76	0.3565	2.6034	4.9505	0.4786	0.002760227
1.4	724.96	0.3037	2.6796	4.4249	0.4012	0.001931141
1.66	637.89	0.3489	2.651	4.9165	0.455	0.00260233
1.49	747.08	0.3208	2.7213	4.5162	0.4211	0.001994432
1.45	633.45	0.324	2.674	4.6631	0.3994	0.002289052
1.59	703.23	0.3423	2.7278	4.8245	0.4583	0.002260996
1.05	722.67	0.2336	2.3909	3.4838	0.4128	0.001452945
1.28	646.42	0.2991	2.6345	4.3292	0.3977	0.001980137
1.2	724.69	0.2627	2.5391	3.9271	0.3885	0.00165588
1.14	608.73	0.2954	2.5811	4.0025	0.4182	0.001872751
1.72	679.27	0.3631	2.6873	4.9958	0.5116	0.00253213
1.38	606.71	0.3192	2.6547	4.5016	0.3827	0.002274563
1.33	783.75	0.2771	2.6042	3.9424	0.3639	0.00169697
1.54	647.21	0.3348	2.6831	4.8042	0.4238	0.002379444
1.37	600.96	0.3198	2.6517	4.4817	0.38	0.002279686
1.06	603.7	0.2896	2.5355	3.7826	0.4458	0.001755839
1.43	711	0.3126	2.6961	4.5454	0.4102	0.002011252
1.1	657.71	0.271	2.5207	3.8701	0.4273	0.00167247
1.12	673.06	0.2672	2.5197	3.8842	0.4195	0.001664042
1.44	609.01	0.3258	2.658	4.6182	0.3868	0.002364493
1.25	661.94	0.2915	2.6188	4.2591	0.4	0.001888389
1.41	721.3	0.3072	2.6872	4.4693	0.4047	0.001954804
1.63	730.78	0.3509	2.7507	4.8041	0.4794	0.002230493
1.01	685.16	0.2435	2.3978	3.5015	0.4477	0.001474108
1.2	634.31	0.2934	2.6035	4.1656	0.4058	0.001891819
1.6	790.21	0.3461	2.7718	4.4777	0.4573	0.002024778
1.62	612.18	0.3433	2.6277	4.8353	0.4239	0.002646281
1.28	785.57	0.2657	2.5635	3.8147	0.3559	0.00162939
1.31	622.37	0.3095	2.648	4.4046	0.3906	0.002104857
1.5	673.1	0.3278	2.701	4.7394	0.4224	0.002228495
1.13	734.87	0.2447	2.4606	3.6711	0.3898	0.001537687
1.6	764.83	0.345	2.7633	4.6172	0.4623	0.002091968
1.79	726.5	0.3839	2.7348	4.9867	0.5748	0.002463868
1.13	743.94	0.2424	2.455	3.638	0.3832	0.00151894
1.07	795.71	0.2062	2.2975	3.0621	0.3459	0.001344711
1.34	776.6	0.2815	2.6191	4.0201	0.3703	0.00172547
1.69	780.52	0.3695	2.7935	4.6749	0.5142	0.002165223
1.55	656.57	0.3353	2.6908	4.8135	0.4293	0.002360754
1.75	601.09	0.355	2.543	4.8877	0.4654	0.002911378
1.6	746.79	0.3462	2.7569	4.7105	0.4677	0.002142503
1.25	702.52	0.2795	2.5973	4.1548	0.3942	0.001779309
1.03	750.74	0.2175	2.3281	3.2714	0.3951	0.00137198
1.32	659.27	0.3016	2.6497	4.4076	0.3972	0.002002215
1.68	732.98	0.3616	2.755	4.8608	0.5062	0.002292013
1.15	600.42	0.2995	2.5896	4.0184	0.4141	0.001915326
1.2	650.81	0.2872	2.5928	4.1397	0.4071	0.001843856
1.2	758	0.2525	2.5076	3.7552	0.3696	0.001583113
1.49	616.94	0.3296	2.6615	4.6962	0.3966	0.002415146
1.32	655.75	0.3024	2.65	4.411	0.3969	0.002012962
1.37	716.23	0.2988	2.6649	4.3893	0.3976	0.001912793
1.07	771.19	0.2157	2.3344	3.2399	0.3708	0.001387466
1.78	644.86	0.3656	2.6099	5.0104	0.5189	0.002760289
1.56	795.55	0.3362	2.7562	4.3766	0.436	0.001960908
1.32	753.98	0.2819	2.6199	4.1124	0.3792	0.00175071
1.19	781.16	0.2433	2.4724	3.5774	0.3526	0.001523375
1.11	701.03	0.2557	2.4893	3.7915	0.4098	0.001583384
1.44	706.87	0.3139	2.6975	4.5664	0.4114	0.00203715
1.3	651.15	0.301	2.6434	4.3764	0.3969	0.001996468
1.44	637.87	0.3225	2.6761	4.6537	0.4002	0.002257513
1.36	623.25	0.3148	2.6591	4.4992	0.3895	0.00218211
1.27	628.07	0.3034	2.6351	4.3223	0.3953	0.002022068
1.76	646.4	0.3632	2.6229	5.0021	0.5089	0.002722772
1.23	684.28	0.2809	2.5925	4.1504	0.3997	0.00179751
1.46	763.68	0.3133	2.7079	4.3798	0.4077	0.001911796
1.18	604.43	0.3011	2.6035	4.1028	0.406	0.001952253
1.78	699.59	0.3758	2.7	5.0225	0.5541	0.002544347
1.56	702.55	0.3362	2.7244	4.7788	0.4455	0.002220483
1.79	786.16	0.3958	2.807	4.7608	0.5843	0.00227689
1.4	741.74	0.3021	2.6785	4.3624	0.398	0.001887454
1.04	612.49	0.2838	2.5162	3.7372	0.4528	0.001697987
1.13	636.05	0.2835	2.5582	3.9729	0.4226	0.00177659
1.66	601.79	0.3462	2.5979	4.8354	0.4269	0.002758437
1.16	750.76	0.2468	2.4794	3.693	0.3758	0.001545101
1.42	606.41	0.3235	2.6566	4.5733	0.3836	0.00234165
1.64	600.96	0.3442	2.6059	4.8166	0.4193	0.002728967
1.64	705.78	0.3506	2.7308	4.8765	0.478	0.00232367
1.64	748.82	0.3533	2.7637	4.7476	0.4835	0.002190112
1.26	665.73	0.2922	2.6236	4.2805	0.3991	0.001892659
1.6	627.68	0.3413	2.6546	4.8446	0.4277	0.00254907
1.27	783.75	0.2622	2.5501	3.7843	0.3553	0.001620415
1.66	667.79	0.352	2.688	4.9418	0.4749	0.002485811
1.69	719.91	0.3627	2.742	4.9105	0.5103	0.002347516
1.27	708.02	0.2817	2.6077	4.1855	0.3925	0.001793735
1.2	612.29	0.3002	2.6089	4.1511	0.4036	0.001959856
1.55	737.64	0.3344	2.7401	4.6628	0.4446	0.002101296
1.54	670.53	0.3331	2.7017	4.7911	0.4306	0.002296691
1.1	778.74	0.2204	2.3631	3.2923	0.3595	0.001412538
1.29	761.85	0.2741	2.5935	4.0002	0.372	0.001693247
1.14	659.79	0.2757	2.5479	3.9724	0.4176	0.001727822
1.04	782.63	0.2037	2.2768	3.0558	0.3643	0.001328853
1.17	661.14	0.2791	2.5661	4.0424	0.4118	0.001769671
1.24	691.86	0.2803	2.5949	4.1557	0.3974	0.00179227
1.08	736.51	0.2331	2.4019	3.4993	0.3972	0.001466375
1.18	712.65	0.2628	2.5327	3.923	0.3955	0.001655792
1.27	782.7	0.2641	2.5574	3.8097	0.3567	0.001622588
1.16	738.91	0.2501	2.4891	3.748	0.3837	0.00156988
1.53	666.13	0.333	2.6985	4.7916	0.4288	0.002296849
1.22	765.13	0.2566	2.5264	3.7875	0.365	0.0015945
1.67	759.69	0.3618	2.7757	4.7464	0.5016	0.002198265
1.35	771.58	0.2862	2.6346	4.0907	0.3761	0.001749657
1.52	680.04	0.33	2.7067	4.7574	0.4285	0.002235163
1.07	724.77	0.2373	2.4142	3.5491	0.406	0.00147633
1.62	694.25	0.3467	2.7209	4.8743	0.4669	0.002333453
1.32	657.11	0.3026	2.6515	4.4183	0.397	0.002008796
1.68	620.73	0.3503	2.6165	4.905	0.4522	0.002706491
1.44	736.02	0.3111	2.6992	4.468	0.4085	0.001956469
1.4	677.22	0.3116	2.6816	4.5622	0.4042	0.002067275
1.2	624.85	0.2956	2.6031	4.1476	0.4064	0.001920461
1.68	658.39	0.3532	2.6727	4.9528	0.476	0.002551679
1.58	625.1	0.3395	2.6551	4.8242	0.4216	0.002527596
1.54	686.17	0.3335	2.7125	4.7827	0.4365	0.002244342
1.78	677.49	0.3722	2.6643	5.0371	0.5442	0.002627345
1.09	695.56	0.2534	2.4712	3.7346	0.4177	0.001567083
1.36	625.62	0.3143	2.6598	4.501	0.3903	0.002173844
1.58	603.79	0.3393	2.6294	4.7768	0.4065	0.002616804
1.59	651.61	0.3409	2.6825	4.8616	0.4392	0.00244011
1.45	744.35	0.3117	2.7021	4.446	0.4087	0.001948008
1.74	698.84	0.3691	2.7092	4.9956	0.5313	0.00248984
1.34	657.02	0.3056	2.6591	4.4611	0.3972	0.002039512
1.75	684	0.3675	2.6873	5.0112	0.5265	0.00255848
1.09	685.94	0.2574	2.4819	3.7659	0.4219	0.00158906
1.69	697.15	0.3597	2.7174	4.9509	0.5021	0.002424155
1.43	702.32	0.3121	2.6922	4.5535	0.4088	0.002036109
1.02	703.85	0.2367	2.385	3.473	0.433	0.001449172
1.44	615.1	0.3249	2.6622	4.6267	0.3899	0.002341083
1.74	611.35	0.3555	2.5697	4.9163	0.4701	0.00284616
1.75	606.96	0.356	2.5543	4.9078	0.4714	0.002883221
1.21	656.01	0.2878	2.6001	4.1751	0.4044	0.001844484
1.5	663.29	0.3281	2.695	4.7436	0.4192	0.002261454
1.51	621.75	0.3317	2.6635	4.7344	0.4031	0.002428629
1.08	752.73	0.2274	2.3843	3.4205	0.384	0.001434777
1.1	789.07	0.2178	2.3545	3.2333	0.3491	0.001394046
1.02	790.85	0.1956	2.2376	2.9294	0.3586	0.001289752
1.24	756.08	0.2622	2.5478	3.8799	0.3711	0.001640038
1.04	649.44	0.2662	2.478	3.7044	0.4485	0.00160138
1.53	734.44	0.3294	2.7323	4.635	0.4356	0.00208322
1.63	731.89	0.3508	2.7514	4.7994	0.4791	0.002227111
1.35	730.84	0.2932	2.6522	4.2991	0.3921	0.00184719
1.43	754.1	0.3063	2.6905	4.3583	0.4006	0.0018963
1.26	790.79	0.2591	2.5383	3.7197	0.3496	0.001593343
1.58	669.11	0.3402	2.7	4.854	0.4448	0.002361346
1.01	615.45	0.2786	2.486	3.6322	0.4679	0.001641076
1.23	779.47	0.2547	2.5204	3.7175	0.3554	0.001577995
1.6	735.42	0.3442	2.7493	4.7426	0.4643	0.002175628
1.38	633.53	0.3156	2.6663	4.5473	0.3935	0.002178271
1.54	631.89	0.3344	2.6698	4.7827	0.4144	0.002437133
1.62	684.92	0.3472	2.712	4.8923	0.4661	0.00236524
1.55	678.38	0.3353	2.7079	4.8065	0.4377	0.002284855
1.34	781.85	0.2813	2.6183	3.9937	0.3679	0.001713884
1.13	647.62	0.279	2.5501	3.9629	0.4217	0.00174485
1.32	753.41	0.2822	2.6208	4.1175	0.3796	0.001752034
1.23	769.98	0.2569	2.5286	3.777	0.3621	0.001597444
1.68	619.16	0.3498	2.6154	4.899	0.4497	0.002713354
1.54	631.13	0.3346	2.6688	4.7844	0.4144	0.002440068
1.75	775.86	0.383	2.7959	4.7674	0.5525	0.002255562
1.23	767.97	0.258	2.5326	3.7956	0.3635	0.001601625
1.31	678.18	0.2967	2.645	4.3706	0.3976	0.001931641
1.43	641.08	0.3203	2.6762	4.6316	0.3996	0.002230611
1.05	695.13	0.2465	2.4315	3.6107	0.4284	0.001510509
1.62	710.21	0.3471	2.7343	4.8422	0.47	0.002281015
1.41	638.14	0.3187	2.6729	4.6042	0.3971	0.002209546
1.61	697.63	0.3448	2.7239	4.8545	0.4631	0.002307814
1.15	701.51	0.2624	2.5232	3.9008	0.403	0.001639321
1.17	651.55	0.2832	2.5755	4.069	0.4119	0.001795718
1.53	693.09	0.3306	2.7148	4.7479	0.433	0.002207506
1.35	704.62	0.2973	2.6574	4.3851	0.3972	0.001915926
1.45	613.64	0.3262	2.661	4.6403	0.3902	0.002362949
1.11	687.26	0.2597	2.4959	3.8122	0.4174	0.001615109
1.54	727.43	0.3322	2.7333	4.6807	0.4404	0.002117042
1.28	600.61	0.3116	2.6374	4.3144	0.3864	0.002131167
1.14	608.97	0.2948	2.5783	3.9898	0.4197	0.001872013
1.6	649.16	0.3425	2.678	4.8747	0.4422	0.002464724
1.31	626.89	0.3078	2.6467	4.3953	0.3922	0.002089681
1.61	762.95	0.3476	2.7656	4.6438	0.4681	0.00211023
1.64	685.54	0.35	2.7112	4.9106	0.4734	0.002392275
1.51	702.26	0.3274	2.7163	4.7036	0.4294	0.002150201
1.07	789.83	0.2077	2.3028	3.0977	0.3525	0.001354722
1.51	710.33	0.3268	2.7194	4.6825	0.4298	0.002125773
1.7	679.95	0.3599	2.6937	4.978	0.5011	0.002500184
1.33	650.54	0.306	2.6565	4.4512	0.3962	0.002044455
1	657.36	0.2569	2.4322	3.5677	0.4609	0.001521236
1.09	608.03	0.2906	2.5518	3.8678	0.4347	0.001792675
1.48	775.84	0.3161	2.7148	4.3423	0.4088	0.00190761
1.42	667.08	0.3156	2.6841	4.606	0.4051	0.00212868
1.73	766.63	0.3774	2.7867	4.7919	0.5408	0.00225663
1.56	704.5	0.3365	2.7258	4.7765	0.4462	0.002214336
1.06	776.25	0.2131	2.3237	3.197	0.3663	0.001365539
1.79	710.02	0.3802	2.7117	5.0173	0.567	0.002521056
1.59	764.96	0.3433	2.7612	4.6049	0.4587	0.00207854
1.6	784.7	0.347	2.7719	4.5181	0.4611	0.002038996
1.18	605.62	0.3009	2.6039	4.1085	0.4058	0.001948416
1.63	751.38	0.3511	2.7635	4.7222	0.478	0.002169342
1.51	776.14	0.3241	2.7318	4.4051	0.4211	0.001945525
1.39	609.22	0.3202	2.657	4.5297	0.384	0.002281606
1.57	722.82	0.3378	2.7371	4.7387	0.4508	0.002172048
1.45	702.15	0.3159	2.6995	4.5939	0.4131	0.002065086
1.42	668.61	0.3153	2.6844	4.6037	0.4053	0.002123809
1.73	612.78	0.3546	2.5784	4.9152	0.4665	0.002823199
1.53	756.72	0.3284	2.737	4.5367	0.4322	0.002021884
1.34	673.19	0.3027	2.6597	4.4475	0.3986	0.001990523
1.56	736.44	0.3369	2.7426	4.6861	0.4493	0.002118299
1.48	688.58	0.323	2.7046	4.6815	0.4198	0.002149351
1.28	798.47	0.2612	2.5458	3.7039	0.3456	0.001603066
1.55	669.51	0.3347	2.7012	4.8065	0.4334	0.002315126
1.34	615.4	0.3145	2.6537	4.4592	0.3869	0.002177446
1.47	708.26	0.3204	2.7092	4.6272	0.4197	0.002075509
1.79	767.49	0.3918	2.7867	4.849	0.5829	0.002332278
1.65	644.85	0.3485	2.6623	4.9187	0.4568	0.002558735
1.45	791.24	0.307	2.6926	4.1795	0.3913	0.001832567
1.31	639.58	0.3048	2.6471	4.3982	0.3949	0.002048219
1.76	615.84	0.3582	2.5666	4.9382	0.4836	0.002857885
1.37	790.59	0.288	2.639	4.0136	0.3699	0.001732883
1.62	612.97	0.3434	2.6286	4.8378	0.4247	0.00264287
1.21	737.43	0.2622	2.5421	3.9122	0.3814	0.001640834
1.37	765.51	0.29	2.6462	4.1542	0.3813	0.001789657
1.24	766.9	0.2599	2.5402	3.8216	0.3645	0.001616899
1.79	764.26	0.3905	2.7832	4.8602	0.5804	0.002342135
1.18	786.41	0.2394	2.456	3.5121	0.3482	0.00150049
1.66	635.22	0.3496	2.6448	4.9191	0.4561	0.002613268
1.23	644.03	0.2939	2.6145	4.2293	0.402	0.001909849
1.6	694.33	0.3443	2.7212	4.857	0.4613	0.00230438
1.06	741.91	0.2271	2.3742	3.4132	0.3966	0.001428745
1.19	732.65	0.2586	2.525	3.8689	0.3849	0.001624241
1.32	658.52	0.3029	2.6528	4.4249	0.3972	0.002004495
1.76	701.49	0.3728	2.7082	5.0066	0.5433	0.002508945
1.57	693.13	0.3375	2.719	4.8067	0.4462	0.002265087
1.64	693.98	0.3506	2.7196	4.9014	0.4766	0.00236318
1.56	799.68	0.3363	2.7566	4.3497	0.4346	0.00195078
1.21	646.11	0.2899	2.6002	4.1664	0.4057	0.001872746
1.7	614.65	0.3513	2.5998	4.9002	0.4533	0.002765802
1.48	635.95	0.327	2.6764	4.706	0.4045	0.002327227
1.75	658.16	0.3639	2.6464	5.0097	0.5128	0.002658928
1.16	723.86	0.2559	2.5079	3.8307	0.3919	0.00160252
1.31	760.68	0.2772	2.6043	4.0383	0.3741	0.001722143
1.05	636.34	0.2733	2.4981	3.7438	0.4484	0.001650061
1.06	759.63	0.2202	2.351	3.3143	0.3815	0.001395416
1.06	708.72	0.2415	2.4198	3.5756	0.4194	0.001495654
1.74	671.91	0.3643	2.6721	5.0079	0.5153	0.002589633
1.11	699.96	0.255	2.4845	3.7765	0.4115	0.001585805
1.23	689.86	0.2797	2.5912	4.1432	0.3983	0.00178297
1.38	662.01	0.3104	2.6723	4.536	0.4	0.002084561
1.59	611.55	0.3398	2.6378	4.801	0.4135	0.002599951
1.64	663.95	0.3491	2.687	4.9242	0.4655	0.002470066
1.6	773.56	0.3467	2.7683	4.5811	0.4636	0.002068359
1.22	695.8	0.276	2.5796	4.0972	0.3977	0.001753377
1.64	752.44	0.3537	2.7661	4.7333	0.4836	0.002179576
1.1	742.4	0.2367	2.4253	3.556	0.3882	0.001481681
1.4	687.98	0.31	2.6829	4.5432	0.4049	0.002034943
1.18	726.43	0.2584	2.5208	3.8667	0.389	0.001624382
1.39	705.77	0.3042	2.6759	4.464	0.4018	0.00196948
1.52	623.35	0.3323	2.6643	4.7448	0.4052	0.002438437
1.74	690.8	0.3673	2.6991	5.0009	0.5256	0.002518819
1.02	752.05	0.2148	2.3143	3.2318	0.3961	0.001356293
1.21	744.17	0.2592	2.5322	3.8658	0.3778	0.001625973
1.2	729.19	0.2617	2.5366	3.9116	0.3862	0.001645662
1.69	665.53	0.3564	2.6777	4.9696	0.4876	0.00253933
1.74	647.59	0.3614	2.6317	4.9952	0.5021	0.002686885
1	628.97	0.2712	2.4668	3.6095	0.4684	0.001589901
1.06	779.11	0.2097	2.3072	3.1453	0.3649	0.001360527
1.76	650	0.3643	2.6273	5.0089	0.5137	0.002707692
1.68	605.58	0.3487	2.5928	4.8636	0.4388	0.0027742
1.77	638.02	0.3635	2.6008	4.9959	0.5098	0.002774208
1.21	621.13	0.2983	2.6107	4.1785	0.4033	0.001948062
1.51	791.19	0.3225	2.729	4.3043	0.4139	0.001908518
1.62	708.34	0.3481	2.7329	4.8539	0.4723	0.002287037
1.3	627.81	0.3064	2.6438	4.3758	0.3931	0.00207069
1.43	745.79	0.3076	2.6928	4.4021	0.4034	0.00191743
1.38	729.15	0.3	2.6709	4.3761	0.3975	0.001892615
1.55	725.93	0.3342	2.735	4.7016	0.4441	0.002135192
1.27	759.81	0.2694	2.576	3.9536	0.371	0.00167147
1.16	673.49	0.2743	2.5556	4.0123	0.41	0.001722372
1.26	633.59	0.3006	2.6302	4.299	0.3974	0.001988668
1.64	665.57	0.349	2.6892	4.9227	0.4657	0.002464053
1.65	715.72	0.3532	2.7395	4.8676	0.4853	0.002305371
1.68	716.22	0.3595	2.7391	4.9038	0.5017	0.002345648
1.19	748.64	0.253	2.5068	3.7785	0.3758	0.001589549
1.75	600.48	0.3549	2.5415	4.8858	0.4649	0.002914335
1.25	636.49	0.2981	2.6239	4.268	0.3994	0.001963896
1.7	732.43	0.3664	2.7541	4.8888	0.5194	0.002321041
1.17	721.15	0.2589	2.5203	3.8732	0.3921	0.001622409
1.18	779.98	0.2404	2.4595	3.5463	0.3536	0.001512859
1.05	711.84	0.2382	2.4045	3.5296	0.4202	0.001475051
1.15	793.43	0.2273	2.4016	3.3389	0.3424	0.001449403
1.06	710.76	0.2414	2.4216	3.5805	0.4171	0.001491361
1.58	642.11	0.3393	2.6743	4.843	0.4309	0.002460638
1.72	781.92	0.3755	2.798	4.6972	0.5292	0.002199714
1.13	654.69	0.2757	2.542	3.9436	0.4216	0.001726008
1.58	720.02	0.34	2.7374	4.7644	0.4553	0.002194383
1.42	659.96	0.317	2.6827	4.6177	0.4042	0.002151646
1.06	646.81	0.2702	2.4985	3.7704	0.4419	0.001638812
1.53	611.36	0.3342	2.6507	4.739	0.4005	0.002502617
1.79	748.47	0.3882	2.7639	4.9234	0.5807	0.002391545
1.23	613.6	0.3024	2.6192	4.2106	0.3989	0.002004563
1	635.23	0.2679	2.4586	3.6004	0.4676	0.001574233
1.72	799.6	0.3785	2.8109	4.5986	0.5283	0.002151076
1.35	604.89	0.3169	2.651	4.4505	0.3825	0.002231811
1.25	692	0.2822	2.6024	4.1838	0.3968	0.001806358
1.09	627.21	0.2824	2.538	3.8702	0.4348	0.001737855
1.8	755.9	0.3909	2.7724	4.901	0.5857	0.002381267
1.43	651.14	0.3186	2.6801	4.6265	0.4023	0.002196148
1.52	648.46	0.3309	2.6853	4.7658	0.4172	0.002344015
1.03	620.27	0.2784	2.4967	3.6898	0.459	0.001660567
1.33	710.21	0.2932	2.6471	4.3313	0.3948	0.001872686
1.28	777.22	0.267	2.5684	3.8648	0.3612	0.001646895
1.63	610.17	0.344	2.6222	4.8367	0.4246	0.002671387
1.49	626.88	0.3291	2.6695	4.7139	0.4022	0.00237685
1.6	654.8	0.3429	2.6838	4.8788	0.4455	0.002443494
1.39	744.26	0.2996	2.6724	4.3298	0.3952	0.001867627
1.15	784.85	0.2317	2.4203	3.4224	0.35	0.001465248
1.26	688.9	0.2852	2.6118	4.2221	0.3969	0.001829003
1.6	691.64	0.3435	2.719	4.8552	0.4587	0.002313342
1.5	685.67	0.3265	2.707	4.7186	0.4242	0.002187641
1.24	627.47	0.3	2.6231	4.2537	0.399	0.00197619
1.58	626.71	0.3393	2.6574	4.8247	0.4221	0.002521102
1.77	649.12	0.3653	2.6216	5.0124	0.5178	0.002726769
1.12	749.83	0.2373	2.4331	3.5629	0.3806	0.001493672
1.77	634.42	0.3625	2.5959	4.9875	0.5052	0.00278995
1.06	748.41	0.2256	2.3712	3.3934	0.3904	0.001416336
1.07	627.55	0.2797	2.5221	3.8092	0.4421	0.001705043
1.48	691.02	0.3226	2.7052	4.6749	0.4198	0.002141761
1.74	618.93	0.3566	2.5836	4.9377	0.4771	0.002811303
1.33	692.54	0.2963	2.6501	4.376	0.3972	0.001920467
1.42	764.47	0.3039	2.6853	4.2926	0.3957	0.001857496
1.06	682.19	0.2537	2.4559	3.6798	0.4321	0.001553819
1.76	761.25	0.3827	2.7816	4.8429	0.558	0.002311987
1.09	775.72	0.221	2.365	3.3071	0.3625	0.001405146
1.32	629.03	0.3083	2.6493	4.4137	0.3923	0.002098469
1.43	621.28	0.3226	2.6658	4.6134	0.3916	0.0023017
1.13	688.43	0.2637	2.5181	3.8861	0.4114	0.001641416
1.09	729.96	0.2382	2.4238	3.5711	0.3995	0.001493233
1.08	798.83	0.2074	2.305	3.0688	0.3415	0.001351977
1.23	770.65	0.2562	2.5255	3.7656	0.3615	0.001596055
1.17	661.56	0.2799	2.5704	4.0595	0.4105	0.001768547
1.31	698.45	0.2923	2.6403	4.3255	0.3957	0.001875582
1.73	648.2	0.3594	2.6396	4.9859	0.4945	0.002668929
1.74	687.21	0.3664	2.6947	5.0019	0.5226	0.002531977
1.68	689.9	0.3564	2.7113	4.9447	0.4918	0.002435136
1.55	686.15	0.3345	2.713	4.7909	0.4383	0.002258981
1.52	755.66	0.3276	2.7353	4.5349	0.4309	0.002011487
1.71	766.6	0.372	2.7853	4.7656	0.5259	0.002230629
1.43	605.02	0.3247	2.6557	4.5861	0.3834	0.002363558
1.23	609.21	0.3041	2.6211	4.2137	0.3973	0.002019008
1.62	692.06	0.3469	2.7189	4.8798	0.4671	0.002340837
1.31	656.96	0.3016	2.6484	4.4019	0.3971	0.001994033
1.63	755.31	0.3527	2.7669	4.714	0.481	0.002158054
1.39	608.81	0.3206	2.657	4.5341	0.3839	0.002283143
1.79	600.05	0.3584	2.5141	4.8966	0.4833	0.002983085
1.16	694.09	0.2662	2.5352	3.9436	0.4049	0.001671253
1.14	791.42	0.2255	2.3926	3.3234	0.3447	0.001440449
1.44	622.61	0.3239	2.6671	4.635	0.3934	0.002312844
1.13	721.07	0.2501	2.4779	3.7421	0.3978	0.001567116
1.56	761.43	0.3372	2.7518	4.5797	0.4472	0.002048777
1.26	782.7	0.2606	2.5442	3.7719	0.3553	0.001609812
1.09	680.63	0.2595	2.4867	3.7788	0.4242	0.001601457
1.23	699.39	0.2769	2.5856	4.1158	0.3959	0.001758675
1.64	609.87	0.3452	2.6169	4.8466	0.4285	0.002689098
1.67	765.9	0.3618	2.7796	4.715	0.5001	0.002180441
1.54	729.63	0.3326	2.7347	4.6769	0.4412	0.002110659
1.34	706.59	0.2962	2.6548	4.3701	0.3966	0.001896432
1.33	696.58	0.2957	2.6498	4.3681	0.3968	0.001909328
1.01	612.23	0.2803	2.4901	3.6355	0.4677	0.001649707
1.59	669.82	0.3406	2.7005	4.8569	0.4459	0.002373772
1.47	635.77	0.3263	2.6762	4.6977	0.4035	0.002312157
1.29	685.93	0.2912	2.6312	4.3032	0.3968	0.001880658
1.38	636.86	0.3144	2.6664	4.5397	0.3943	0.002166881
1.51	754.88	0.3239	2.7285	4.5086	0.4249	0.002000318
1.13	734.69	0.2448	2.4612	3.6731	0.3899	0.001538064
1.49	673.03	0.3255	2.6991	4.7164	0.4189	0.002213869
1.72	708.31	0.3656	2.7266	4.9576	0.5195	0.002428315
1.53	622.25	0.3337	2.6617	4.7588	0.4071	0.002458819
1.31	699.83	0.2915	2.6381	4.3142	0.3953	0.001871883
1.08	737.6	0.2327	2.401	3.4951	0.3963	0.001464208
1.39	619.73	0.3182	2.6615	4.54	0.3885	0.002242912
1.47	711.08	0.3196	2.709	4.6144	0.419	0.002067278
1.4	626.6	0.319	2.6665	4.5762	0.392	0.00223428
1.43	685.6	0.3151	2.6916	4.6017	0.4094	0.002085764
1.01	623.81	0.2748	2.4797	3.639	0.4655	0.001619083
1.22	622.82	0.2991	2.6154	4.2061	0.4014	0.001958832
1.41	720.64	0.3061	2.6845	4.4596	0.4036	0.001956594
1.14	772.09	0.2338	2.4268	3.4846	0.3614	0.001476512
1.22	704.39	0.2738	2.5754	4.0749	0.395	0.001731995
1.04	630.18	0.2751	2.4972	3.7233	0.4526	0.001650322
1.29	671.1	0.2947	2.6353	4.3315	0.3979	0.001922217
1.41	699.61	0.3088	2.6845	4.5217	0.4053	0.002015409
1.66	771.5	0.3619	2.7829	4.6852	0.4986	0.002151653
1.61	755.62	0.3467	2.7615	4.6741	0.4676	0.002130701
1.26	649.52	0.2957	2.6254	4.2851	0.3994	0.001939894
1.74	750.34	0.377	2.7708	4.8685	0.5454	0.002318949
1.4	662.17	0.313	2.6772	4.5691	0.4016	0.002114261
1.74	723.87	0.372	2.7418	4.9456	0.5373	0.002403747
1.14	668.44	0.2721	2.5394	3.9501	0.4163	0.001705463
1.4	650.52	0.3155	2.6756	4.5859	0.3997	0.002152124
1.18	674.5	0.2769	2.5685	4.0602	0.4067	0.001749444
1.5	690.53	0.3269	2.71	4.7177	0.4262	0.002172245
1.56	659.11	0.3366	2.6925	4.8257	0.4331	0.002366828
1.19	765.87	0.2473	2.4871	3.672	0.3643	0.001553789
1.47	698.37	0.3202	2.7051	4.6424	0.418	0.002104901
1.52	664.76	0.3305	2.697	4.7676	0.4237	0.00228654
1.31	798.8	0.2707	2.5803	3.7991	0.3513	0.00163996
1.58	705.83	0.3394	2.7284	4.7967	0.4525	0.002238499
1.73	788.18	0.3808	2.805	4.6843	0.5404	0.00219493
1.4	681.49	0.3104	2.6809	4.5482	0.4041	0.002054322
1.66	667.99	0.3523	2.6879	4.9435	0.4758	0.002485067
1.45	725.99	0.3134	2.702	4.5199	0.4117	0.001997273
1.36	790.67	0.2838	2.6256	3.9729	0.366	0.00172006
1.24	711.65	0.2757	2.5869	4.1058	0.3917	0.00174243
1.66	737.54	0.3586	2.7584	4.8265	0.4978	0.002250725
1.69	744.73	0.3651	2.7657	4.8338	0.5137	0.002269279
1.25	647.24	0.2948	2.6202	4.2591	0.4005	0.001931277
1.15	603.02	0.2984	2.588	4.0186	0.4148	0.001907068
1.52	778.22	0.3254	2.7346	4.4036	0.4227	0.001953175
1.37	738.91	0.2961	2.662	4.3101	0.393	0.001854082
1.3	760.76	0.2749	2.5964	4.0132	0.3729	0.001708817
1.24	666.46	0.2883	2.6098	4.2211	0.4009	0.001860577
1.09	711.28	0.2465	2.4509	3.6681	0.4102	0.001532449
1.59	753.46	0.3442	2.7579	4.6671	0.4626	0.002110265
1.8	717.73	0.3832	2.7209	5.0093	0.5754	0.002507907
1.2	664.01	0.2838	2.59	4.1388	0.4051	0.001807202
1.69	605.49	0.3494	2.5893	4.8678	0.4413	0.002791128
1.31	651.3	0.3023	2.6473	4.398	0.3966	0.002011362
1.31	700.46	0.2916	2.6386	4.3152	0.3952	0.0018702
1.65	622.54	0.3473	2.6308	4.8865	0.4426	0.002650432
1.75	760.23	0.3811	2.7807	4.8408	0.5537	0.002301935
1.65	665.03	0.3501	2.6871	4.9304	0.4685	0.002481091
1.22	621.78	0.2998	2.6172	4.2139	0.4006	0.001962109
1.55	705.42	0.3354	2.7255	4.7656	0.4442	0.002197273
1.48	605.38	0.3294	2.6528	4.6582	0.3882	0.002444745
1.55	646.52	0.3351	2.6824	4.8061	0.4239	0.002397451
1.27	614.87	0.3071	2.636	4.3166	0.392	0.002065477
1.04	797.5	0.197	2.2492	2.934	0.3483	0.001304075
1.54	657.1	0.3336	2.6916	4.7973	0.4262	0.002343631
1.72	711.7	0.3671	2.7297	4.9567	0.5239	0.002416749
1.36	791.92	0.2841	2.6264	3.9688	0.3656	0.001717345
1.69	729.1	0.3628	2.7513	4.8813	0.5099	0.002317926
1.71	743.48	0.3685	2.7648	4.8565	0.523	0.002299995
1.39	636.94	0.3156	2.6682	4.5563	0.3947	0.002182309
1.51	767.74	0.3243	2.7314	4.4513	0.4234	0.001966812
1.59	778.07	0.3446	2.7668	4.5418	0.4581	0.002043518
1.12	624.12	0.2871	2.5599	3.9515	0.4256	0.001794527
1.34	644.83	0.3076	2.6572	4.4596	0.3953	0.002078067
1.26	778.42	0.2614	2.547	3.7977	0.3582	0.001618663
1.4	608.87	0.3213	2.6575	4.547	0.3841	0.002299341
1.12	778.85	0.225	2.3865	3.3538	0.3575	0.001438018
1.2	668.2	0.2812	2.5824	4.1106	0.4057	0.00179587
1.17	628.62	0.2909	2.586	4.0752	0.413	0.00186122
1.41	743.38	0.3046	2.6851	4.3817	0.4004	0.001896742
1.68	737.14	0.3613	2.7586	4.8431	0.5047	0.002279079
1.54	656.88	0.3346	2.6913	4.8064	0.4279	0.002344416
1.57	621.68	0.3377	2.6548	4.8002	0.4151	0.002525415
1.1	759.09	0.2285	2.3945	3.4335	0.3764	0.001449104
1.45	683.46	0.3185	2.6962	4.6397	0.4127	0.002121558
1.71	675.99	0.36	2.6875	4.9827	0.501	0.002529623
1.52	734.81	0.3289	2.7317	4.6297	0.4348	0.002068562
1.72	706.83	0.3661	2.7242	4.9637	0.5211	0.0024334
1.4	721.22	0.3055	2.6832	4.452	0.403	0.001941155
1.39	783.18	0.2926	2.6535	4.0965	0.3775	0.001774815
1.11	783.5	0.2224	2.3751	3.3077	0.3536	0.00141672
1.69	631.41	0.3528	2.6279	4.936	0.4657	0.002676549
1.09	715.1	0.2443	2.4427	3.6412	0.4088	0.001524262
1.57	719.91	0.3386	2.7363	4.754	0.4524	0.002180828
1.57	670.27	0.3375	2.7017	4.8311	0.4394	0.00234234
1.4	767.29	0.298	2.6695	4.2246	0.3884	0.001824603
1.68	758.33	0.3644	2.7761	4.7677	0.5085	0.002215394
1.54	646.16	0.3345	2.6823	4.8005	0.4226	0.002383311
1.12	718.1	0.2502	2.4761	3.7397	0.4002	0.001559671
1.36	767.38	0.2877	2.6392	4.1235	0.3788	0.001772264
1.75	746.16	0.3783	2.7659	4.8921	0.5505	0.002345341
1.05	761.61	0.2168	2.334	3.264	0.3817	0.001378658
1.07	615.96	0.285	2.5325	3.8141	0.4423	0.001737126
1.02	772.96	0.2036	2.2692	3.065	0.3778	0.001319603
1.1	713.67	0.248	2.461	3.6975	0.4063	0.001541329
1.49	689.32	0.324	2.7061	4.6905	0.4214	0.002161551
1.52	690.61	0.3292	2.7122	4.7383	0.4299	0.002200953
1.24	697.39	0.2803	2.5979	4.1624	0.3957	0.001778058
1.49	652.41	0.3273	2.6876	4.73	0.4133	0.00228384
1.76	733.58	0.3776	2.7507	4.9379	0.5522	0.002399193
1.75	761.12	0.3809	2.7816	4.8356	0.5528	0.002299243
1.55	611.89	0.336	2.6477	4.7609	0.4045	0.002533135
1.55	623.91	0.3363	2.6596	4.7902	0.4135	0.002484333
1.71	658.67	0.3576	2.6639	4.9785	0.4903	0.002596141
1.22	669.75	0.2842	2.5961	4.1655	0.4026	0.001821575
1.31	759.33	0.2778	2.6063	4.0498	0.3749	0.001725205
1.28	694	0.2869	2.6205	4.2517	0.3956	0.00184438
1.58	656.25	0.3403	2.6878	4.8574	0.4398	0.002407619
1.41	606.4	0.3227	2.6565	4.5595	0.3832	0.002325198
1.49	786.61	0.3197	2.723	4.3108	0.4111	0.001894204
1.71	785.03	0.3756	2.8001	4.6788	0.5281	0.002178261
1.52	742.96	0.3278	2.7325	4.5904	0.4326	0.002045871
1.18	683.75	0.2727	2.5569	4.0197	0.4056	0.001725777
1.23	679.08	0.283	2.5977	4.1718	0.4003	0.001811274
1.02	685.9	0.2462	2.4161	3.5581	0.4412	0.001487097
1.47	758.95	0.3146	2.7104	4.4126	0.4104	0.001936886
1.11	799.17	0.2149	2.3432	3.1644	0.3387	0.001388941
1.57	717.7	0.3386	2.735	4.7601	0.4521	0.002187544
1.69	645.63	0.3536	2.6514	4.9526	0.4733	0.002617598
1.65	670.01	0.3502	2.6932	4.9281	0.4702	0.00246265
1.18	680.46	0.2752	2.5655	4.0505	0.4052	0.001734121
1.7	638.64	0.3543	2.6368	4.9521	0.4735	0.002661907
1.48	614.13	0.3284	2.6603	4.6727	0.3931	0.002409913
1.8	636.62	0.366	2.5857	5.0027	0.521	0.002827432
1.55	640.53	0.3353	2.6768	4.8033	0.4212	0.002419871
1.02	780.07	0.2005	2.2571	3.0136	0.3703	0.001307575
1.72	617.02	0.3536	2.594	4.9185	0.4636	0.002787592
1.79	783.8	0.396	2.8045	4.7756	0.5864	0.002283746
1.1	675.39	0.2637	2.5038	3.8317	0.4227	0.001628689
1.51	752.81	0.3252	2.7306	4.5287	0.4273	0.002005818
1.13	770.11	0.2314	2.4141	3.4563	0.3641	0.001467323
1.39	784.87	0.2924	2.6526	4.0852	0.3766	0.001770994
1.2	650.61	0.2881	2.5966	4.1554	0.4061	0.001844423
1.47	602.85	0.3292	2.6511	4.6463	0.3861	0.002438418
1.63	687.18	0.3482	2.7138	4.8963	0.4692	0.002372013
1.41	625.46	0.32	2.6667	4.5881	0.392	0.002254341
1.26	669.56	0.2902	2.6191	4.2605	0.3993	0.001881833
1.07	620.45	0.2833	2.5305	3.8205	0.4414	0.001724555
1.72	605.69	0.3523	2.5733	4.8865	0.4539	0.002839736
1.65	627.53	0.347	2.64	4.8913	0.4441	0.002629356
1.7	773.93	0.3719	2.7906	4.7254	0.523	0.002196581
1.58	681.02	0.3404	2.7103	4.8465	0.4492	0.002320049
1.42	723.7	0.3077	2.6891	4.4696	0.4052	0.001962139
1.73	666.4	0.3625	2.6662	5.002	0.5085	0.002596038
1.74	787.62	0.3834	2.8058	4.6999	0.5479	0.002209187
1.64	799.6	0.3576	2.7898	4.4864	0.4781	0.002051026
1.04	678.48	0.2524	2.4425	3.6339	0.4392	0.001532838
1.67	632.84	0.3497	2.6404	4.9177	0.4556	0.002638898
1.02	647.64	0.2647	2.4644	3.6537	0.4555	0.001574949
1.14	705.46	0.2588	2.5086	3.8513	0.4032	0.001615967
1.23	626.76	0.2992	2.6194	4.233	0.4002	0.001962474
1.52	726.92	0.3293	2.7293	4.6586	0.4352	0.002091014
1.58	796.59	0.3415	2.7654	4.4055	0.4456	0.001983454
1.52	608.44	0.3335	2.6493	4.7221	0.3969	0.002498192
1.17	672.2	0.2754	2.5593	4.025	0.4096	0.001740553
1.45	787.38	0.3086	2.6969	4.2155	0.3948	0.00184155
1.1	697.1	0.2548	2.4804	3.7637	0.4145	0.001577966
1.05	758.94	0.2166	2.3304	3.2607	0.3853	0.001383509
1.37	669.23	0.3077	2.6699	4.5086	0.4001	0.002047129
1.01	738.62	0.218	2.3181	3.2636	0.4112	0.001367415
1.47	614.18	0.3276	2.6608	4.6624	0.3922	0.002393435
1.26	751.18	0.2691	2.5738	3.9745	0.375	0.001677361
1.44	790.22	0.3047	2.6866	4.1656	0.3887	0.001822277
1.4	788.73	0.2963	2.6637	4.1004	0.3793	0.001775005
1.66	747.32	0.3579	2.7654	4.7816	0.4945	0.002221271
1.64	671.48	0.3491	2.6961	4.9202	0.4678	0.002442366
1.01	779.5	0.1979	2.2417	2.9762	0.3733	0.001295702
1.14	777	0.2317	2.4185	3.4457	0.3574	0.001467181
1.51	647.41	0.3303	2.6846	4.7586	0.4156	0.002332371
1.45	715.57	0.3146	2.7015	4.5564	0.4129	0.002026357
1.54	612.2	0.3349	2.6503	4.7492	0.4024	0.002515518
1.52	628.11	0.3328	2.6679	4.7599	0.4091	0.002419958
1.77	731.17	0.3801	2.7456	4.9569	0.5609	0.002420778
1.22	668.79	0.2846	2.5968	4.1678	0.4027	0.00182419
1.68	750.03	0.3627	2.7693	4.7971	0.5061	0.00223991
1.56	668.23	0.3361	2.7002	4.8198	0.4358	0.002334526
1.57	677.75	0.339	2.7077	4.8379	0.445	0.002316488
1.57	674.63	0.3387	2.7051	4.8382	0.4434	0.002327202
1.12	759.44	0.2336	2.4199	3.5028	0.3734	0.001474771
1.73	786.87	0.3792	2.8033	4.6849	0.5367	0.002198584
1.54	716.91	0.3321	2.7285	4.7108	0.4396	0.002148108
1.01	691.63	0.2412	2.3937	3.4943	0.4427	0.001460318
1.69	656.85	0.3554	2.6658	4.9661	0.4825	0.002572886
1.15	758.5	0.2399	2.4506	3.5908	0.3717	0.00151615
1.17	767.26	0.2418	2.4626	3.5987	0.3639	0.001524907
1.1	737.31	0.2384	2.4308	3.5806	0.3919	0.00149191
1.28	630.87	0.3034	2.6371	4.3358	0.3953	0.002028944
1.1	637.09	0.28	2.5407	3.9057	0.4295	0.001726601
1.19	665.89	0.2804	2.5768	4.0877	0.4076	0.001787082
1.23	628.14	0.2985	2.6182	4.2287	0.4007	0.001958162
1.23	654.19	0.2906	2.6099	4.2166	0.4024	0.001880188
1.05	777.58	0.2094	2.3045	3.1431	0.3671	0.001350343
1.29	627.32	0.3062	2.6429	4.3698	0.3931	0.002056367
1.25	790.95	0.2563	2.5273	3.6881	0.3483	0.001580378
1.05	698.88	0.2446	2.4253	3.5927	0.4268	0.001502404
1.09	611.64	0.2895	2.5521	3.8811	0.4334	0.001782094
1.66	665.4	0.3514	2.6857	4.939	0.4724	0.00249474
1.58	744.76	0.3414	2.7512	4.6861	0.4578	0.002121489
1.47	731.67	0.3171	2.7108	4.538	0.4165	0.002009102
1.74	722.49	0.372	2.74	4.9497	0.5374	0.002408338
1.01	608.5	0.2819	2.4918	3.627	0.4691	0.001659819
1.24	669.23	0.2875	2.6088	4.2171	0.4007	0.001852876
1.47	783.17	0.3147	2.7117	4.2901	0.4046	0.001876987
1.44	690.78	0.3153	2.694	4.5999	0.4106	0.0020846
1.15	789.8	0.2286	2.4073	3.3686	0.3458	0.001456065
1.47	662.36	0.3241	2.6918	4.7007	0.413	0.002219337
1.29	719.12	0.2839	2.6194	4.2082	0.39	0.001793859
1.8	725.81	0.3848	2.7326	4.9921	0.5781	0.002479988
1.42	707.74	0.3108	2.6914	4.5325	0.408	0.002006387
1.15	727.83	0.2516	2.4898	3.7693	0.3914	0.001580039
1.76	713.98	0.374	2.7263	4.983	0.5453	0.002465055
1.7	611.19	0.3508	2.5944	4.8902	0.4499	0.002781459
1.35	681.75	0.3028	2.6636	4.455	0.3994	0.001980198
1.02	667.01	0.2552	2.4401	3.6111	0.4496	0.001529212
1.8	611.79	0.3611	2.5354	4.9386	0.4981	0.002942186
1.69	622.44	0.3519	2.6134	4.9181	0.4589	0.002715121
1.32	696.83	0.2934	2.6429	4.3387	0.3961	0.001894293
1.7	658.86	0.3571	2.6653	4.9759	0.4888	0.002580214
1.57	658.02	0.3378	2.6911	4.8363	0.4351	0.002385946
1.55	680.46	0.3343	2.709	4.7958	0.4364	0.002277871
1.35	637.8	0.3107	2.6602	4.4869	0.3938	0.002116651
1.54	729.33	0.3318	2.7336	4.6715	0.4398	0.002111527
1.67	697.73	0.3569	2.7202	4.9337	0.4941	0.002393476
1.05	667.01	0.259	2.464	3.6891	0.4411	0.001574189
1.2	681.71	0.2782	2.5797	4.103	0.4023	0.001760279
1.14	725.99	0.2501	2.4813	3.7463	0.3938	0.00157027
1.51	675.87	0.3288	2.7033	4.7482	0.425	0.002234157
1.24	721.31	0.2724	2.5778	4.0595	0.3882	0.001719094
1.76	691.66	0.3701	2.6959	5.0124	0.5352	0.002544603
1.43	796.82	0.3007	2.6751	4.0915	0.381	0.001794634
1.43	671.97	0.3171	2.6887	4.6258	0.408	0.002128071
1.69	676.21	0.3578	2.6913	4.9705	0.4942	0.002499224
1.13	650.99	0.2782	2.5504	3.9695	0.4203	0.001735818
1.29	662.44	0.297	2.6379	4.3467	0.3979	0.001947346
1.07	622.5	0.2823	2.5285	3.8192	0.4414	0.001718876
1.49	634.48	0.3288	2.6752	4.7252	0.4063	0.00234838
1.71	627.45	0.3541	2.615	4.9386	0.4692	0.002725317
1.76	634.01	0.3611	2.6011	4.9814	0.499	0.002775981
1.26	783.29	0.2592	2.5385	3.7531	0.3544	0.0016086
1.04	605.74	0.287	2.5225	3.7371	0.4526	0.001716908
1.43	655.11	0.3192	2.683	4.6394	0.4045	0.00218284
1.69	794.88	0.3699	2.8015	4.5869	0.509	0.002126107
1.54	636.66	0.3345	2.674	4.7903	0.4174	0.002418873
1.64	762.82	0.3555	2.7732	4.6943	0.4859	0.002149917
1.47	716.96	0.3196	2.7111	4.6014	0.4196	0.002050324
1.31	634.86	0.3061	2.6475	4.4006	0.394	0.002063447
1.37	793.17	0.2876	2.6373	3.9952	0.3683	0.001727246
1.16	758.15	0.2434	2.4665	3.6366	0.3709	0.00153004
1.27	649.19	0.2973	2.6305	4.3102	0.3985	0.001956284
1.01	742.82	0.2167	2.3153	3.2502	0.4068	0.001359683
1.7	676.07	0.3587	2.6898	4.9754	0.4968	0.002514533
1.75	794.44	0.3868	2.8123	4.6714	0.5533	0.00220281
1.53	691.27	0.3323	2.715	4.7651	0.4356	0.002213318
1	772.56	0.2001	2.2489	3.0139	0.3815	0.001294398
1.06	654.5	0.2663	2.4877	3.7483	0.4412	0.001619557
1.3	719.34	0.2844	2.6216	4.2154	0.3901	0.001807212
1.38	795.41	0.2891	2.6415	3.996	0.3687	0.001734954
1.72	703.7	0.3655	2.7205	4.968	0.5195	0.002444223
1.24	755.31	0.2631	2.5511	3.8922	0.3717	0.00164171
1.15	777.73	0.2347	2.4328	3.4818	0.3561	0.001478662
1.65	648.34	0.3493	2.6656	4.9261	0.4607	0.002544961
1.65	752.68	0.356	2.7678	4.7465	0.4891	0.002192167
1.76	795.84	0.389	2.8143	4.6717	0.5586	0.0022115
1.56	725.86	0.3357	2.7366	4.7133	0.4469	0.002149175
1.36	664.37	0.3072	2.6664	4.4958	0.3989	0.002047052
1.7	771.41	0.3702	2.788	4.7304	0.5194	0.002203757
1.32	722.34	0.2892	2.638	4.269	0.3913	0.001827394
1.57	614.7	0.3383	2.6456	4.7924	0.4118	0.002554091
1.69	648.17	0.3537	2.6553	4.9547	0.4746	0.002607341
1.12	656.43	0.2742	2.5363	3.925	0.4227	0.001706199
1.17	645	0.2856	2.5799	4.0779	0.4122	0.001813953
1.45	755.09	0.3114	2.7028	4.4009	0.4068	0.001920301
1.2	748.61	0.2561	2.5202	3.8183	0.3754	0.001602971
1.33	628.8	0.3105	2.6543	4.4499	0.3915	0.00211514
1.54	719.46	0.3331	2.7308	4.7124	0.4417	0.002140494
1.22	697.18	0.2763	2.582	4.1045	0.397	0.001749907
1.46	695.14	0.3193	2.7024	4.6377	0.4162	0.002100296
1.32	736.8	0.2855	2.6294	4.1996	0.3863	0.001791531
1.41	612.75	0.3217	2.6601	4.5698	0.3864	0.002301102
1.8	705.96	0.3802	2.7042	5.0263	0.5682	0.00254972
1.49	694.81	0.3248	2.7098	4.692	0.4239	0.002144471
1	666.65	0.2522	2.42	3.546	0.4574	0.001500038
1.57	676.65	0.3384	2.7068	4.8343	0.4435	0.002320254
1.43	730.11	0.3086	2.6925	4.4618	0.406	0.001958609
1.33	698.75	0.2949	2.6484	4.3585	0.3964	0.001903399
1.28	630.36	0.3034	2.6368	4.3339	0.3953	0.002030586
1.38	759.73	0.2952	2.6613	4.2293	0.3877	0.001816435
1.11	703.19	0.2544	2.4843	3.7751	0.4093	0.001578521
1.04	756.91	0.2156	2.323	3.2454	0.3888	0.001374007
1.44	614.3	0.3247	2.6617	4.6213	0.3893	0.002344132
1.73	611.02	0.3547	2.5735	4.9116	0.4663	0.002831331
1.14	757.24	0.2382	2.4419	3.5696	0.3734	0.001505467
1.2	709.48	0.2684	2.5557	4.0021	0.3946	0.00169138
1.19	708.44	0.2676	2.5515	3.989	0.3955	0.001679747
1.58	698.26	0.341	2.7238	4.8246	0.4545	0.002262767
1.67	717.3	0.3571	2.7407	4.8866	0.4952	0.002328175
1.3	736.64	0.2804	2.612	4.1403	0.3841	0.00176477
1.41	671.83	0.3127	2.6813	4.5735	0.4039	0.002098745
1.62	778.17	0.3508	2.7749	4.5811	0.4711	0.002081807
1.35	614.08	0.3153	2.6543	4.4681	0.3862	0.002198411
1.61	617.52	0.3427	2.6374	4.8408	0.4255	0.002607203
1.38	771.18	0.2923	2.6532	4.1524	0.3816	0.001789465
1.07	655.25	0.268	2.4994	3.7905	0.4363	0.001632965
1.74	743.35	0.3764	2.7632	4.8954	0.5458	0.002340755
1.23	756.11	0.2601	2.539	3.8534	0.3709	0.001626747
1.07	747.42	0.2275	2.3809	3.422	0.3899	0.001431591
1.03	792.66	0.1979	2.2514	2.9574	0.3545	0.001299422
1.25	615.26	0.305	2.6298	4.2768	0.3946	0.002031661
1.06	699	0.2468	2.4385	3.6331	0.4232	0.001516452
1.47	725.91	0.3187	2.7123	4.5698	0.4187	0.002025044
1.75	686.32	0.3676	2.6911	5.009	0.5269	0.002549831
1.26	651.83	0.2952	2.625	4.2842	0.3995	0.001933019
1.75	671.17	0.3653	2.6686	5.0127	0.5187	0.002607387
1.57	630.7	0.338	2.6641	4.8179	0.4214	0.002489298
1.4	764.97	0.2985	2.6708	4.2395	0.3896	0.001830137
1.26	605.07	0.308	2.6307	4.2685	0.3915	0.002082404
1.04	626.23	0.2765	2.4975	3.7123	0.4549	0.001660732
1.57	782.24	0.3388	2.7589	4.4776	0.4453	0.002007057
1.66	746.02	0.3583	2.7646	4.7896	0.4957	0.002225141
1.11	618.57	0.2885	2.5588	3.9313	0.4277	0.001794461
1.47	745.28	0.3163	2.7121	4.4841	0.4147	0.001972413
1.3	731.22	0.2814	2.6143	4.1621	0.3861	0.001777851
1.53	721.25	0.3302	2.7283	4.6835	0.4366	0.002121317
1.08	751.5	0.2281	2.3873	3.4316	0.3848	0.001437126
1.17	724.18	0.2574	2.5149	3.8519	0.3909	0.00161562
1.07	734.54	0.2331	2.4003	3.4976	0.3994	0.001456694
1.11	788.41	0.2191	2.3608	3.2522	0.3494	0.001407897
1.7	643.41	0.3547	2.6443	4.9582	0.4765	0.002642172
1.02	745.06	0.2169	2.319	3.2567	0.4034	0.001369017
1.66	777.16	0.3619	2.7859	4.6533	0.4968	0.002135982
1.72	683.26	0.3623	2.695	4.9869	0.5091	0.002517343
1.54	654.12	0.3334	2.6893	4.7944	0.4244	0.002354308
1.33	783.67	0.2774	2.6051	3.9453	0.3641	0.001697143
1.74	709.69	0.3702	2.7241	4.9768	0.5337	0.002451775
1.43	630.88	0.3214	2.6711	4.623	0.3957	0.002266675
1.16	701.9	0.2643	2.5322	3.93	0.4014	0.001652657
1.01	641.44	0.2664	2.4625	3.6315	0.461	0.001574582
1.25	773.19	0.2603	2.5426	3.8056	0.3609	0.001616679
1.34	608.94	0.3157	2.6517	4.4488	0.3844	0.002200545
1.18	681.38	0.2749	2.5653	4.0498	0.4049	0.00173178
1.42	718.19	0.309	2.6905	4.4945	0.4066	0.001977193
1.38	606.48	0.3195	2.6548	4.5045	0.3826	0.002275425
1.59	642.9	0.3412	2.6727	4.8602	0.4359	0.002473168
1.4	711.41	0.3065	2.6831	4.4814	0.404	0.001967923
1.78	737.61	0.3836	2.7519	4.9482	0.5701	0.002413199
1.17	747.04	0.2495	2.4902	3.7334	0.3778	0.001566181
1.53	684.4	0.3323	2.7108	4.7743	0.4338	0.002235535
1.73	718.87	0.3694	2.7372	4.9483	0.5301	0.002406555
1.35	651.13	0.3078	2.6612	4.4798	0.3965	0.002073319
1.2	650	0.275	2.6	3.984	0.4	0.001846154
1.2	650	0.28	2.525	3.94	0.43	0.001846154
1.6	650	0.321	2.616	5	0.454	0.002461538
1.6	650	0.331	2.759	5	0.451	0.002461538
1.2	750	0.246	2.626	3.68	0.354	0.0016
1.2	750	0.231	2.5	3.568	0.375	0.0016
1.6	750	0.332	2.75	4.25	0.454	0.002133333
1.6	750	0.344	2.927	4.389	0.471	0.002133333
						
						
						
						
						
						
