 1.23178678e-001
 6.17199870e-001
 2.65164408e+000
 2.05344376e+000
 1.91391941e+000
 1.59666251e+000
 1.36860336e+000
 1.19779725e+000
 1.06477485e+000
 9.58156649e-001
 8.86845182e-001
 8.08946580e-001
 8.32270767e-001
 1.26503052e+000
 1.21134995e+000
 1.19023055e+000
 1.12723947e+000
 1.06481271e+000
 1.00861316e+000
 1.34360071e+000
 9.12758310e-001
 8.72711308e-001
 8.40101637e-001
 8.50158470e-001
 1.08475969e+000
 1.05451425e+000
 1.06050725e+000
 1.03795012e+000
 9.91620484e-001
 9.58413409e-001
 9.27310244e-001
 9.00711131e-001
 8.71275338e-001
 8.47959419e-001
 8.23446952e-001
 8.01448884e-001
 7.83553306e-001
 7.63112699e-001
 8.29569627e-001
 8.80159081e-001
 7.07926975e-001
 6.89543618e-001
 6.74024767e-001
 6.63229533e-001
 6.48746548e-001
 6.94026577e-001
 6.77395928e-001
 6.81490449e-001
 6.53324583e-001
 6.43117395e-001
 6.89368689e-001
 6.77280600e-001
 6.65872324e-001
 6.53431495e-001
 6.45221670e-001
 6.31146889e-001
 6.20083417e-001
 6.08738427e-001
 5.99100536e-001
 5.88958784e-001
 5.81397519e-001
 5.79756127e-001
 5.69738689e-001
 5.60771427e-001
 5.62492557e-001
 5.57594580e-001
 5.51628693e-001
 5.43228363e-001
 5.36745441e-001
 5.27479480e-001
 5.30426804e-001
 5.24751392e-001
 5.16973853e-001
 5.13892331e-001
 5.06418587e-001
 4.96396069e-001
 6.96981118e-001
 4.85275258e-001
 4.78124061e-001
 4.73345944e-001
 4.66150829e-001
 4.60589571e-001
 4.59669965e-001
 4.52618294e-001
 4.46091554e-001
 4.42269572e-001
 4.38319908e-001
 4.41730778e-001
 4.40288974e-001
 4.33324705e-001
 4.29357076e-001
 4.22887456e-001
 4.18613108e-001
 4.17004266e-001
 4.10336042e-001
 4.08536128e-001
 4.04823161e-001
 4.00110902e-001
 3.97153798e-001
 3.92834725e-001
 3.95536434e-001
 3.85870172e-001
 3.82040074e-001
 3.77899229e-001
 3.76767245e-001
 3.85725999e-001
 3.82648148e-001
 3.78621143e-001
 3.91734910e-001
 3.87349313e-001
 3.89039086e-001
 3.85109939e-001
 3.83444783e-001
 3.78991645e-001
 3.87335121e-001
 3.84149459e-001
 3.82617033e-001
 3.78347634e-001
 3.76792639e-001
 3.73052465e-001
 3.71544660e-001
 3.67703983e-001
 3.66112806e-001
 3.62079117e-001
 3.60478885e-001
 3.56223110e-001
 3.54659830e-001
 3.52396670e-001
 3.49063890e-001
 3.48880137e-001
 3.44859570e-001
 3.40821151e-001
 3.41062536e-001
 3.41791118e-001
 3.40056338e-001
 3.34035471e-001
 3.44753101e-001
 3.41028978e-001
 3.36521991e-001
 3.39192432e-001
 3.36344683e-001
 3.33098155e-001
 3.33220021e-001
 3.29427162e-001
 3.33323961e-001
 3.31962959e-001
 3.29960625e-001
 3.26065934e-001
 3.25754047e-001
 3.21105126e-001
 3.22075549e-001
 3.18714088e-001
 3.16971563e-001
 3.16353530e-001
 3.15324651e-001
 3.15106349e-001
 3.12004886e-001
 3.08503655e-001
 3.07084872e-001
 3.04556625e-001
 3.01752799e-001
 3.03589902e-001
 3.02711343e-001
 2.96740213e-001
 2.94830162e-001
 2.95466668e-001
 2.92841425e-001
 2.91633141e-001
 2.93103451e-001
 2.96007007e-001
 2.94628390e-001
 2.90566424e-001
 2.95688149e-001
 2.95662371e-001
 2.88703281e-001
 2.87346124e-001
 2.86426632e-001
 2.85760193e-001
 2.84866567e-001
 2.82286941e-001
 2.82508304e-001
 2.81238390e-001
 2.81401736e-001
 2.77568492e-001
 2.75263412e-001
 2.78511390e-001
 4.19765165e-001
 2.76184578e-001
 2.74077195e-001
 2.73784292e-001
 2.69282053e-001
 2.69476793e-001
 2.69507100e-001
 2.67438571e-001
 2.77702278e-001
 2.77095991e-001
 2.74793962e-001
 2.73025883e-001
 2.76338858e-001
 2.73534216e-001
 2.73704512e-001
 2.73447586e-001
 2.74660416e-001
 2.73298535e-001
 2.70565950e-001
 2.73615419e-001
 2.68972650e-001
 2.65988115e-001
 2.67166691e-001
 2.65073506e-001
 2.62530355e-001
 2.62941222e-001
 2.62089403e-001
 2.61141239e-001
 2.61262018e-001
 2.59161225e-001
 2.59603033e-001
 2.56306753e-001
 2.54803064e-001
 2.54528981e-001
 2.54283492e-001
 2.53430298e-001
 2.52455817e-001
 2.49835598e-001
 2.52358731e-001
 2.49819542e-001
 2.48783653e-001
 2.47123655e-001
 2.48211490e-001
 2.46738518e-001
 2.47510954e-001
 2.43947674e-001
 2.46288295e-001
 2.71013848e-001
 2.58497343e-001
 2.55725435e-001
 2.56651558e-001
 2.55064170e-001
 2.56912339e-001
 2.56182825e-001
 2.53530539e-001
 2.55340243e-001
 2.55819635e-001
 2.52502487e-001
 2.56071399e-001
 2.51752832e-001
 2.50365571e-001
 2.49250363e-001
 2.48463029e-001
 2.48361646e-001
 2.49010140e-001
 2.46099827e-001
 2.61823405e-001
 2.48405011e-001
 2.48087908e-001
 2.46900005e-001
 2.50491000e-001
 2.49899404e-001
 2.50718567e-001
 2.46448989e-001
 2.49550842e-001
 2.48918669e-001
 2.47633798e-001
 2.45008979e-001
 2.44153528e-001
 2.45974981e-001
 2.43052531e-001
 2.40933851e-001
 2.41135179e-001
 2.40543708e-001
 2.41869835e-001
 2.39701522e-001
 2.36824500e-001
 2.37564426e-001
 2.38665897e-001
 2.35739578e-001
 2.38074559e-001
 2.35324262e-001
 2.37262605e-001
 2.37029826e-001
 2.33839403e-001
 2.34516391e-001
 2.38622046e-001
 2.35003385e-001
 2.33799224e-001
 2.36276980e-001
 2.34848563e-001
 2.33842108e-001
 2.31622606e-001
 2.30555268e-001
 2.31705427e-001
 2.27468298e-001
 2.27291990e-001
 2.24953812e-001
 2.27748728e-001
 2.27387259e-001
 2.25339922e-001
 2.23352919e-001
 2.28980003e-001
 2.30385438e-001
 2.28037918e-001
 2.24761326e-001
 2.26361917e-001
 2.22683724e-001
 2.21483527e-001
 2.21291593e-001
 2.20775448e-001
 2.23969334e-001
 2.21612626e-001
 2.20507162e-001
 2.34281571e-001
 2.29932642e-001
 2.30592825e-001
 2.29172382e-001
 2.30077441e-001
 2.31556409e-001
 2.30072854e-001
 2.36935087e-001
 2.35957149e-001
 2.34284458e-001
 2.35205363e-001
 2.33527858e-001
 2.33633879e-001
 2.31296961e-001
 2.29666015e-001
 2.32147467e-001
 2.34836247e-001
 2.36346200e-001
 2.34307778e-001
 2.34260498e-001
 2.35136392e-001
 2.36109236e-001
 2.33923334e-001
 2.33845132e-001
 2.31811172e-001
 2.30942912e-001
 2.31048255e-001
 2.30957048e-001
 2.33124407e-001
 2.30761823e-001
 2.33105749e-001
 2.28574915e-001
 2.28286120e-001
 2.27592765e-001
 2.28848768e-001
 2.29651419e-001
 2.24603341e-001
 2.28525722e-001
 2.28880109e-001
 2.29156505e-001
 2.26232683e-001
 2.27025837e-001
 2.24810828e-001
 2.24386669e-001
 2.24696404e-001
 2.22912840e-001
 2.22207880e-001
 2.20552984e-001
 2.21712103e-001
 2.20994015e-001
 2.24108684e-001
 2.19838030e-001
 2.24274018e-001
 2.23935284e-001
 2.21573897e-001
 2.32813997e-001
 2.32174549e-001
 2.28977989e-001
 2.32991161e-001
 2.28987339e-001
 2.29447214e-001
 2.31753778e-001
 2.29069136e-001
 2.28092396e-001
 2.28892682e-001
 2.28623970e-001
 2.26980030e-001
 2.29437152e-001
 2.28116878e-001
 2.28756861e-001
 2.31002459e-001
 2.27017788e-001
 2.27241548e-001
 2.31940982e-001
 2.31077019e-001
 2.27487757e-001
 2.24876110e-001
 2.23295919e-001
 2.24620105e-001
 2.30114663e-001
 2.24912491e-001
 2.25406216e-001
 2.23275814e-001
 2.22737260e-001
 2.20341415e-001
 2.21326172e-001
 2.19935789e-001
 2.20966868e-001
 2.19772791e-001
 2.21492215e-001
 2.22440060e-001
 2.21914870e-001
 2.21851189e-001
 2.22858662e-001
 2.23712255e-001
 2.20687480e-001
 2.26154987e-001
 2.28920943e-001
 2.40230272e-001
 2.38140799e-001
 2.39548102e-001
 2.35865802e-001
 2.36755552e-001
 2.36682699e-001
 2.37378007e-001
 2.37983625e-001
 2.34388455e-001
 2.33553247e-001
 2.34295141e-001
 2.36936974e-001
 2.34530579e-001
 2.32884547e-001
 2.31690435e-001
 2.31634361e-001
 2.31329598e-001
 2.29251294e-001
 2.30393152e-001
 2.37757668e-001
 2.28711934e-001
 2.30632023e-001
 2.27402583e-001
 2.28350267e-001
 2.28873101e-001
 2.29946529e-001
 2.30027422e-001
 2.30692429e-001
 2.29669368e-001
 2.26265243e-001
 2.30062202e-001
 2.25967920e-001
 2.23609919e-001
 2.24665091e-001
 2.23446563e-001
 2.27585416e-001
 2.24656874e-001
 2.23672948e-001
 2.21333842e-001
 2.19925475e-001
 2.21039423e-001
 2.19542779e-001
 2.21127423e-001
 2.19363080e-001
 2.24222644e-001
 2.24005055e-001
 2.23430679e-001
 2.24414378e-001
 2.25283036e-001
 2.24704403e-001
 2.26344059e-001
 2.23441303e-001
 2.24056023e-001
 2.21726701e-001
 2.26242051e-001
 2.27014073e-001
 2.26083808e-001
 2.28254610e-001
 2.26366463e-001
 2.24606129e-001
 2.24363815e-001
 2.24405453e-001
 2.24747360e-001
 2.22342498e-001
 2.25815770e-001
 2.25418982e-001
 2.23002166e-001
 2.24160353e-001
 2.23401089e-001
 2.22193739e-001
 2.20238521e-001
 2.19805965e-001
 2.22156780e-001
 2.22781703e-001
 2.18481537e-001
 2.18962882e-001
 2.19959407e-001
 2.18211326e-001
 2.18970571e-001
 2.20496490e-001
 2.18906915e-001
 2.20842401e-001
 2.17494313e-001
 2.18452217e-001
 2.19275663e-001
 2.18803486e-001
 2.17181046e-001
 2.17287562e-001
 2.16059157e-001
 2.19102042e-001
 2.17623684e-001
 2.17345193e-001
 2.17976785e-001
 2.17551089e-001
 2.17659982e-001
 2.15591274e-001
 2.17103215e-001
 2.16912048e-001
 2.18161887e-001
 2.15508298e-001
 2.17302534e-001
 2.14425123e-001
 2.14079573e-001
 2.19850522e-001
 2.16688404e-001
 2.19884952e-001
 2.19007025e-001
 2.16393289e-001
 2.16635581e-001
 2.17104524e-001
 2.15642403e-001
 2.18550934e-001
 2.15674479e-001
 2.15052203e-001
 2.15806885e-001
 2.16825152e-001
 2.21535448e-001
 2.14178625e-001
 2.15043972e-001
 2.13759455e-001
 2.18076873e-001
 2.18270425e-001
 2.17117665e-001
 2.16768416e-001
 2.17193680e-001
 2.17771081e-001
 2.22302685e-001
 2.22389042e-001
 2.22323951e-001
 2.26947702e-001
 2.25182112e-001
 2.21534969e-001
 2.27166826e-001
 2.20955534e-001
 2.20653137e-001
 2.23368492e-001
 2.19787285e-001
 2.20740757e-001
 2.18935532e-001
 2.20249333e-001
 2.19143905e-001
 2.22516183e-001
 2.19045122e-001
 2.16905396e-001
 2.21645265e-001
 2.18573978e-001
 2.18385153e-001
 2.17663811e-001
 2.18995050e-001
 2.19208381e-001
 2.21801201e-001
 2.20125029e-001
 2.19644189e-001
 2.19361559e-001
 2.21012320e-001
 2.21311784e-001
 2.21203166e-001
 2.20152118e-001
 2.19661440e-001
 2.19040892e-001
 2.17143586e-001
 2.22639332e-001
 2.19393248e-001
 2.17562300e-001
 2.16766714e-001
 2.16768696e-001
 2.15947535e-001
 2.17630021e-001
 2.16157256e-001
 2.16002397e-001
 2.15695745e-001
 2.15566177e-001
 2.14509519e-001
 2.15567818e-001
 2.15386123e-001
 2.15314983e-001
 2.15774273e-001
 2.14327224e-001
 2.12783305e-001
 2.13180179e-001
 2.14611505e-001
 2.91230621e+000
 1.44453900e+000
 1.47288781e+000
 8.25620023e-001
 8.47022602e-001
 9.19337792e-001
 5.57928029e-001
 4.07352285e-001
 4.33081119e-001
 3.88684312e-001
 4.93789463e-001
 3.82800736e-001
 4.16922240e-001
 4.71628260e-001
 5.24023064e-001
 4.02239929e-001
 3.87285515e-001
 4.30242704e-001
 4.13171416e-001
 6.61549040e-001
 4.02043203e-001
 3.76753473e-001
 3.86751602e-001
 3.82622430e-001
 3.92674526e-001
 4.81910927e-001
 3.75796708e-001
 4.80286962e-001
 4.74811496e-001
 3.98594236e-001
 4.12190853e-001
 3.99502292e-001
 3.94781434e-001
 3.47726309e-001
 3.55717212e-001
 3.64801551e-001
 3.79528081e-001
 3.74556565e-001
 7.00663079e-001
 4.10951668e-001
 3.05813311e-001
 2.49702542e-001
 2.56325178e-001
 2.42163929e-001
 2.36152194e-001
 2.36824148e-001
 2.32682129e-001
 3.20757870e-001
 2.47016811e-001
 2.42139437e-001
 2.62272616e-001
 2.46703552e-001
 2.58808684e-001
 2.50433503e-001
 2.36561433e-001
 2.31411642e-001
 2.28866345e-001
 2.26644491e-001
 2.26893601e-001
 2.30510772e-001
 2.29383285e-001
 2.31369057e-001
 2.28233697e-001
 2.28682519e-001
 2.25334308e-001
 2.25695704e-001
 2.26016390e-001
 2.25968072e-001
 2.29855931e-001
 2.27043081e-001
 2.31227255e-001
 2.32402575e-001
 2.26024473e-001
 2.36515613e-001
 2.36046378e-001
 2.25855516e-001
 5.55458092e-001
 2.30826214e-001
 2.23223765e-001
 2.25313607e-001
 2.22808214e-001
 2.23662185e-001
 2.27739813e-001
 2.25561644e-001
 2.23024982e-001
 2.24598484e-001
 2.25431402e-001
 2.24525660e-001
 2.25692932e-001
 2.23961616e-001
 2.25795023e-001
 2.23381963e-001
 2.22897358e-001
 2.25643560e-001
 2.23866413e-001
 2.24265852e-001
 2.25395438e-001
 2.25109705e-001
 2.23266613e-001
 2.24552017e-001
 2.29664274e-001
 2.24128972e-001
 2.23664196e-001
 2.22961119e-001
 2.25695815e-001
 2.25273576e-001
 2.24497970e-001
 2.23311298e-001
 2.25373526e-001
 2.22413558e-001
 2.25316878e-001
 2.24390829e-001
 2.25318614e-001
 2.24289647e-001
 2.22043831e-001
 2.22923463e-001
 2.23861380e-001
 2.22882682e-001
 2.23868169e-001
 2.23362507e-001
 2.23386471e-001
 2.22816750e-001
 2.23747341e-001
 2.22615546e-001
 2.23279693e-001
 2.22703829e-001
 2.23533170e-001
 2.23807938e-001
 2.23742419e-001
 2.25925217e-001
 2.23684338e-001
 2.22376620e-001
 2.21537020e-001
 2.25286802e-001
 2.24861563e-001
 2.22115350e-001
 2.26925686e-001
 2.23029457e-001
 2.22071938e-001
 2.23954707e-001
 2.22451930e-001
 2.22075007e-001
 2.24106312e-001
 2.22895719e-001
 2.25220203e-001
 2.24809458e-001
 2.24625278e-001
 2.23743251e-001
 2.24468431e-001
 2.21959637e-001
 2.24542795e-001
 2.23508788e-001
 2.24213172e-001
 2.24922876e-001
 2.25614391e-001
 2.27464182e-001
 2.25030303e-001
 2.23497327e-001
 2.23006449e-001
 2.23497219e-001
 2.22177047e-001
 2.25799473e-001
 2.28035190e-001
 2.22747186e-001
 2.22247742e-001
 2.23628385e-001
 2.24126687e-001
 2.23283386e-001
 2.24330810e-001
 2.23979103e-001
 2.24456427e-001
 2.21859909e-001
 2.26288273e-001
 2.27496563e-001
 2.22235256e-001
 2.21689630e-001
 2.23330936e-001
 2.23363273e-001
 2.24049653e-001
 2.23264532e-001
 2.23109345e-001
 2.22867011e-001
 2.24530437e-001
 2.22813748e-001
 2.21371269e-001
 2.24894227e-001
 3.99020875e-001
 2.24094274e-001
 2.23481064e-001
 2.25086081e-001
 2.22319667e-001
 2.23288705e-001
 2.25393381e-001
 2.23758849e-001
 2.21777689e-001
 2.22544459e-001
 2.22073035e-001
 2.21349163e-001
 2.25720555e-001
 2.23554349e-001
 2.22905317e-001
 2.22840916e-001
 2.24994660e-001
 2.24111452e-001
 2.22785712e-001
 2.27793714e-001
 2.23555315e-001
 2.22708728e-001
 2.23114137e-001
 2.22879996e-001
 2.21772255e-001
 2.23606854e-001
 2.22664819e-001
 2.23718253e-001
 2.24542526e-001
 2.23571383e-001
 2.24979383e-001
 2.22814786e-001
 2.22326418e-001
 2.21816159e-001
 2.23413825e-001
 2.22540816e-001
 2.23306718e-001
 2.22017427e-001
 2.24698676e-001
 2.22161896e-001
 2.22433296e-001
 2.21256603e-001
 2.23576537e-001
 2.23039113e-001
 2.24798493e-001
 2.22420699e-001
 2.23577450e-001
 2.37011871e-001
 2.22811434e-001
 2.21445246e-001
 2.22714901e-001
 2.22431203e-001
 2.25334787e-001
 2.22132702e-001
 2.20718330e-001
 2.23046077e-001
 2.24440494e-001
 2.22457248e-001
 2.26541421e-001
 2.22926279e-001
 2.22455370e-001
 2.22926387e-001
 2.22498220e-001
 2.21774513e-001
 2.23556802e-001
 2.21676331e-001
 2.33766999e-001
 2.21472878e-001
 2.23071343e-001
 2.22411962e-001
 2.23437324e-001
 2.23656296e-001
 2.24513989e-001
 2.21576346e-001
 2.24488266e-001
 2.24325370e-001
 2.23108610e-001
 2.21823846e-001
 2.21784724e-001
 2.24377981e-001
 2.22514458e-001
 2.21360337e-001
 2.22781944e-001
 2.22682878e-001
 2.24736978e-001
 2.23279093e-001
 2.21576750e-001
 2.22343306e-001
 2.24425347e-001
 2.22281744e-001
 2.23187032e-001
 2.22706308e-001
 2.24431462e-001
 2.24973481e-001
 2.22472676e-001
 2.23677387e-001
 2.25521536e-001
 2.22306043e-001
 2.22588415e-001
 2.26423693e-001
 2.24838389e-001
 2.24379824e-001
 2.23067716e-001
 2.22955757e-001
 2.25159177e-001
 2.21419309e-001
 2.22005452e-001
 2.20968074e-001
 2.23887465e-001
 2.24223896e-001
 2.23297489e-001
 2.21763833e-001
 2.28495651e-001
 2.28360208e-001
 2.26663379e-001
 2.22730010e-001
 2.24474467e-001
 2.22223224e-001
 2.22010926e-001
 2.22107797e-001
 2.21934626e-001
 2.25508935e-001
 2.23390870e-001
 2.22469417e-001
 2.27052199e-001
 2.22822099e-001
 2.23552553e-001
 2.22916730e-001
 2.22163604e-001
 2.24971442e-001
 2.23874197e-001
 2.24251127e-001
 2.24568411e-001
 2.23153681e-001
 2.24093751e-001
 2.23523465e-001
 2.23975321e-001
 2.23178544e-001
 2.22110620e-001
 2.26031736e-001
 2.21639874e-001
 2.23343282e-001
 2.21815106e-001
 2.22393111e-001
 2.23472090e-001
 2.24200597e-001
 2.23477924e-001
 2.23624731e-001
 2.22356686e-001
 2.21964741e-001
 2.23180952e-001
 2.22510716e-001
 2.25460206e-001
 2.23151437e-001
 2.26594658e-001
 2.22520301e-001
 2.22544003e-001
 2.22603969e-001
 2.24405959e-001
 2.25553007e-001
 2.21710203e-001
 2.24969689e-001
 2.25795481e-001
 2.25776286e-001
 2.22850080e-001
 2.24593434e-001
 2.22677440e-001
 2.23044699e-001
 2.23703010e-001
 2.22850846e-001
 2.22064627e-001
 2.21374573e-001
 2.22895216e-001
 2.23026250e-001
 2.27035103e-001
 2.22468027e-001
 2.23032947e-001
 2.23175769e-001
 2.22102795e-001
 2.23989135e-001
 2.23756543e-001
 2.21842300e-001
 2.24061282e-001
 2.20987520e-001
 2.21699826e-001
 2.24526608e-001
 2.22159311e-001
 2.22201515e-001
 2.23118771e-001
 2.23260053e-001
 2.22103097e-001
 2.23455203e-001
 2.22766116e-001
 2.24345881e-001
 2.26188435e-001
 2.22572488e-001
 2.24011842e-001
 2.29536687e-001
 2.27520594e-001
 2.25692266e-001
 2.23876068e-001
 2.22074239e-001
 2.23601201e-001
 2.29293442e-001
 2.24512432e-001
 2.25164769e-001
 2.23491932e-001
 2.24232075e-001
 2.21764328e-001
 2.23426913e-001
 2.22391586e-001
 2.23856424e-001
 2.22909391e-001
 2.22883622e-001
 2.24308185e-001
 2.23109009e-001
 2.22003586e-001
 2.23091915e-001
 2.24929680e-001
 2.22833023e-001
 2.26146898e-001
 2.23792573e-001
 2.23918339e-001
 2.22546669e-001
 2.24273135e-001
 2.21668988e-001
 2.22375490e-001
 2.22924330e-001
 2.24704184e-001
 2.25449622e-001
 2.22628399e-001
 2.21762453e-001
 2.23399889e-001
 2.25593530e-001
 2.24354419e-001
 2.22505577e-001
 2.22741192e-001
 2.23070830e-001
 2.23214194e-001
 2.21752881e-001
 2.23592062e-001
 2.32173147e-001
 2.21743532e-001
 2.24437385e-001
 2.21769039e-001
 2.22352660e-001
 2.24292995e-001
 2.25581597e-001
 2.26266640e-001
 2.27814752e-001
 2.26292557e-001
 2.22442282e-001
 2.28610199e-001
 2.23749927e-001
 2.21825441e-001
 2.24022608e-001
 2.22581498e-001
 2.28043412e-001
 2.24841846e-001
 2.24267001e-001
 2.22372408e-001
 2.21634662e-001
 2.22735084e-001
 2.21748076e-001
 2.24230526e-001
 2.22446639e-001
 2.21362895e-001
 2.21641894e-001
 2.21657990e-001
 2.23259425e-001
 2.23557765e-001
 2.23485104e-001
 2.25374604e-001
 2.22743175e-001
 2.23423345e-001
 2.21936375e-001
 2.21636522e-001
 2.22921696e-001
 2.22450612e-001
 2.25413935e-001
 2.23854638e-001
 2.21906277e-001
 2.22199162e-001
 2.23241653e-001
 2.23903694e-001
 2.21737271e-001
 2.25786206e-001
 2.24627704e-001
 2.22485200e-001
 2.24112609e-001
 2.24132535e-001
 2.23335651e-001
 2.21652567e-001
 2.21499890e-001
 2.24378434e-001
 2.25264541e-001
 2.21721461e-001
 2.22499857e-001
 2.23954721e-001
 2.22872568e-001
 2.22185543e-001
 2.24305336e-001
 2.22583241e-001
 2.25225827e-001
 2.22369549e-001
 2.23794336e-001
 2.24762178e-001
 2.23443504e-001
 2.22446117e-001
 2.22847047e-001
 2.22132677e-001
 2.23129071e-001
 2.21913118e-001
 2.21975736e-001
 2.22617202e-001
 2.22876380e-001
 2.23174492e-001
 2.21915675e-001
 2.23543592e-001
 2.23562015e-001
 2.25425421e-001
 2.22068579e-001
 2.25073113e-001
 2.22165837e-001
 2.21794122e-001
 2.25195295e-001
 2.21158751e-001
 2.24438638e-001
 2.23864311e-001
 2.21760010e-001
 2.22355122e-001
 2.22933836e-001
 2.21823380e-001
 2.26084004e-001
 2.22849248e-001
 2.22825110e-001
 2.22701379e-001
 2.24223990e-001
 2.29333072e-001
 2.22258723e-001
 2.23000653e-001
 2.22416529e-001
 2.22040193e-001
 2.22935327e-001
 2.22345213e-001
 2.22084877e-001
 2.22376384e-001
 2.23194310e-001
 2.22880831e-001
 2.22881841e-001
 2.22231940e-001
 2.27279448e-001
 2.25083384e-001
 2.22731687e-001
 2.28837149e-001
 2.22292563e-001
 2.22320727e-001
 2.24994382e-001
 2.22712489e-001
 2.23639133e-001
 2.22141217e-001
 2.24059781e-001
 2.23036348e-001
 2.27347557e-001
 2.24461522e-001
 2.22006512e-001
 2.25333100e-001
 2.22656595e-001
 2.22801445e-001
 2.23325129e-001
 2.24104079e-001
 2.22933680e-001
 2.24792498e-001
 2.22000405e-001
 2.22274529e-001
 2.21941280e-001
 2.23786428e-001
 2.25175867e-001
 2.24653215e-001
 2.23802056e-001
 2.23901918e-001
 2.24167900e-001
 2.21741344e-001
 2.27693344e-001
 2.24444263e-001
 2.22780162e-001
 2.22178904e-001
 2.22355294e-001
 2.22173771e-001
 2.24243102e-001
 2.23010930e-001
 2.22485441e-001
 2.23323626e-001
 2.23245433e-001
 2.22984793e-001
 2.24043082e-001
 2.24342442e-001
 2.23744025e-001
 2.23565451e-001
 2.23031510e-001
 2.21478028e-001
 2.22080331e-001
 2.24265508e-001
