 8.41652232e-002
 -6.16536155e-002
 -1.03183574e+000
 -1.11213724e+000
 4.57614429e-001
 6.66870823e-002
 5.05003291e-001
 2.11588537e+000
 -1.30929054e+000
 -1.78442316e+000
 -3.11550004e-001
 -3.37712099e-001
 -2.64145962e+000
 -4.54397888e-001
 7.83971785e-001
 1.92223307e+000
 -4.65342865e-001
 9.28279420e-001
 9.67205976e-002
 -1.12956156e+000
 9.19681083e-001
 -1.20293035e+000
 -1.14009156e+000
 5.16702914e-003
 -1.65252998e+000
 -5.32836721e-001
 -4.02004665e-001
 -5.63541119e-002
 8.09720339e-001
 -1.20876770e-001
 1.14561051e-001
 -4.93723133e-001
 -1.59200874e+000
 2.18665477e-001
 1.33696923e+000
 5.85616048e-002
 -2.50748538e-001
 -2.04289179e+000
 -3.75141225e-001
 -4.77745452e-001
 1.43833518e+000
 3.54259846e-001
 -5.08030581e-002
 2.99587353e-001
 -8.38284838e-001
 -6.21169875e-001
 7.58872998e-001
 4.00210516e-001
 4.64298817e-001
 -8.93940370e-001
 1.47574317e-001
 3.64988985e-001
 6.65028580e-001
 -3.95602196e-001
 -4.67779079e-001
 -3.76628937e-001
 -1.39722306e-001
 -2.97238284e-001
 -5.12696103e-001
 2.63289132e-001
 -2.91354149e-001
 3.18026718e-001
 5.23202401e-001
 2.05778664e-002
 -3.77900251e-001
 -6.75049937e-001
 3.08070372e-001
 -6.19575600e-001
 1.74358870e-001
 4.65915730e-001
 -5.93858440e-002
 -5.27528424e-001
 4.30241622e-001
 3.82003262e-002
 -8.47536538e-002
 4.33322875e-001
 5.89038209e-001
 -3.98096628e-001
 -5.71076738e-001
 -5.00126463e-001
 -3.87056859e-002
 -4.36746933e-001
 2.59049673e-001
 1.11579382e+000
 -2.65873630e-001
 8.20406438e-002
 -5.80854844e-001
 3.79414010e-001
 -3.00980428e-001
 -3.83889698e-002
 1.55960116e-001
 -3.30617913e-001
 -5.12485311e-001
 -6.27799170e-001
 1.20796735e-001
 -2.22892775e-001
 -6.83281869e-001
 1.32416028e+000
 1.35230786e+000
 2.03651419e+000
 -9.71363223e-002
 -6.33565813e-001
 6.38498243e-001
 1.49474699e+000
 -1.75028893e-001
 3.04026115e-001
 -7.84231514e-001
 8.06735562e-001
 5.04632504e-001
 1.15225710e-001
 -6.23182045e-001
 -4.29986754e-001
 -1.66177643e+000
 -1.94771308e-001
 -3.37009379e-001
 -1.57949880e+000
 4.49665929e-001
 -4.44092742e-001
 -1.66394520e+000
 -2.61708758e-001
 5.29673079e-002
 -1.02093226e+000
 -5.88810933e-001
 -1.36552072e+000
 1.72874862e-001
 1.51658267e+000
 8.29055327e-001
 -4.71146509e-001
 1.28329295e+000
 -2.69385631e-001
 4.90437523e-001
 -3.88193085e-001
 1.81300828e-001
 -2.86321036e-001
 3.39567956e-001
 -4.84830250e-001
 -1.29837424e+000
 6.20381397e-001
 1.43518327e+000
 -3.19866932e-001
 9.26884827e-002
 -2.40411884e+000
 -1.78915450e+000
 4.91779255e-002
 -1.22851687e+000
 -4.23441353e-001
 -2.31553290e-001
 -1.60429817e+000
 1.01323735e+000
 -7.69812079e-001
 5.64943499e-001
 -1.60659476e-001
 5.70771139e-001
 -9.40052627e-001
 1.18979010e-001
 1.92478159e+000
 2.42932787e-001
 1.57743681e+000
 -7.47006729e-001
 1.47118894e+000
 3.61444086e-001
 2.17402391e-001
 -5.93355740e-002
 1.50667802e+000
 -2.76219866e-001
 -2.50328864e-002
 -1.49410972e-001
 -2.21577702e-001
 1.29185008e+000
 -9.13734772e-002
 6.95000096e-001
 2.95421554e-001
 -3.02895079e-002
 -6.77759859e-001
 1.82170871e-001
 -8.14910113e-001
 -1.31879654e-001
 8.66441803e-002
 -1.79226767e+000
 -1.48038299e+000
 -1.17201232e+000
 1.61899360e+000
 -1.08981876e+000
 -5.71616926e-001
 -1.96152840e-001
 1.29405629e-001
 6.29849454e-001
 -1.20950797e+000
 -1.18078175e+000
 1.97676471e+000
 7.32472258e-002
 1.91294232e+000
 -8.98933102e-001
 1.32544602e-001
 -2.83005680e-001
 -1.88839175e-001
 -5.93324953e-001
 7.70439972e-001
 2.10552034e+000
 -6.64786343e-002
 1.13920702e-001
 -2.10456456e-001
 -1.86983559e+000
 6.04989232e-001
 1.59629925e-001
