1	600	0.2857	2.4955	3.6057	0.4722	0.001666667
1.8	600	0.359	2.5089	4.898	0.4869	0.003
1	800	0.1854	2.1863	2.7688	0.3524	0.00125
1.8	800	0.4008	2.8211	4.6922	0.59	0.00225
1	700	0.2352	2.3699	3.4275	0.4413	0.001428571
1.8	700	0.3796	2.694	5.0354	0.5674	0.002571429
1.4	600	0.3227	2.6525	4.5296	0.3796	0.002333333
1.4	800	0.2934	2.654	4.0083	0.3712	0.00175
1.4	700	0.3077	2.6823	4.5092	0.4044	0.002
1.4	700	0.3077	2.6823	4.5092	0.4044	0.002
1.4	700	0.3077	2.6823	4.5092	0.4044	0.002
1	600	0.2857	2.4955	3.6057	0.4722	0.001666667
1.8	600	0.359	2.5089	4.898	0.4869	0.003
1	800	0.1854	2.1863	2.7688	0.3524	0.00125
1.8	800	0.4008	2.8211	4.6922	0.59	0.00225
1	700	0.2352	2.3699	3.4275	0.4413	0.001428571
1.8	700	0.3796	2.694	5.0354	0.5674	0.002571429
1.4	600	0.3227	2.6525	4.5296	0.3796	0.002333333
1.4	800	0.2934	2.654	4.0083	0.3712	0.00175
1.4	700	0.3077	2.6823	4.5092	0.4044	0.002
1.4	700	0.3077	2.6823	4.5092	0.4044	0.002
1.4	700	0.3077	2.6823	4.5092	0.4044	0.002
1	600	0.2857	2.4955	3.6057	0.4722	0.001666667
1.8	600	0.359	2.5089	4.898	0.4869	0.003
1	800	0.1854	2.1863	2.7688	0.3524	0.00125
1.8	800	0.4008	2.8211	4.6922	0.59	0.00225
1	700	0.2352	2.3699	3.4275	0.4413	0.001428571
1.8	700	0.3796	2.694	5.0354	0.5674	0.002571429
1.4	600	0.3227	2.6525	4.5296	0.3796	0.002333333
1.4	800	0.2934	2.654	4.0083	0.3712	0.00175
1.4	700	0.3077	2.6823	4.5092	0.4044	0.002
1.4	700	0.3077	2.6823	4.5092	0.4044	0.002
1.4	700	0.3077	2.6823	4.5092	0.4044	0.002
1.13	656.58	0.2754	2.5428	3.9493	0.4205	0.001721039
1.48	792.37	0.3158	2.714	4.2448	0.4032	0.001867814
1.67	714.55	0.3567	2.7381	4.8924	0.4943	0.002337135
1.2	777.02	0.2479	2.4918	3.6467	0.3561	0.001544362
1.59	721.45	0.3425	2.74	4.7781	0.4605	0.002203895
1.56	767.55	0.3374	2.7537	4.5503	0.4465	0.002032441
1.49	755.57	0.3201	2.7214	4.4741	0.4189	0.001972021
1.43	682.41	0.3151	2.6902	4.6022	0.4086	0.002095514
1.29	699.79	0.2881	2.6272	4.2709	0.3947	0.00184341
1.71	701.06	0.3642	2.7182	4.9673	0.5157	0.002439164
1.41	651.3	0.3166	2.6775	4.6005	0.4007	0.002164901
1.71	649.76	0.3569	2.6498	4.9735	0.4859	0.002631741
1.07	786.88	0.2112	2.3194	3.1508	0.3544	0.001359801
1.24	753.25	0.2629	2.5499	3.8948	0.3728	0.0016462
1.62	790.49	0.3509	2.7787	4.5065	0.4672	0.002049362
1.59	755.62	0.3435	2.7581	4.6525	0.4609	0.002104232
1.79	724.4	0.3817	2.7338	4.9851	0.5683	0.00247101
1.07	799.32	0.2056	2.2957	3.0434	0.3416	0.001338638
1.68	700.88	0.3581	2.723	4.9342	0.4977	0.002396987
1.48	787.55	0.3147	2.7117	4.2653	0.4033	0.001879246
1.7	685.83	0.3602	2.7018	4.9723	0.5026	0.002478748
1.15	649.57	0.2809	2.5625	4.0144	0.4167	0.001770402
1.16	714.85	0.2581	2.5121	3.8549	0.3969	0.001622718
1.27	645.52	0.2989	2.6332	4.3222	0.3978	0.001967406
1.42	644.43	0.3179	2.6755	4.6065	0.3991	0.002203498
1.59	640.78	0.3404	2.6714	4.8516	0.4328	0.002481351
1.12	643.96	0.2788	2.5439	3.9326	0.4254	0.001739238
1.73	671.81	0.3623	2.6763	4.9982	0.5083	0.002575133
1.62	603.64	0.3428	2.6163	4.8112	0.4166	0.002683719
1.72	746.91	0.3723	2.7679	4.8611	0.5328	0.002302821
1.6	690.84	0.3429	2.7183	4.8523	0.4573	0.002316021
1.14	779.22	0.2301	2.4116	3.4195	0.3557	0.001463001
1.09	717.41	0.2442	2.4445	3.645	0.4065	0.001519354
1.56	663.14	0.3371	2.6958	4.8294	0.4357	0.002352444
1.74	690.01	0.3676	2.6973	5.0036	0.5267	0.002521703
1.61	678.71	0.3446	2.7071	4.8813	0.4583	0.002372147
1.37	627.14	0.3153	2.6621	4.5213	0.3909	0.00218452
1.76	634.49	0.3615	2.6005	4.9837	0.5009	0.002773881
1.78	757.75	0.3865	2.7767	4.8755	0.571	0.00234906
1.07	683.91	0.2553	2.4673	3.7176	0.4274	0.001564533
1.23	680.65	0.2831	2.599	4.1767	0.3998	0.001807096
1.54	662.02	0.3336	2.6955	4.7983	0.4284	0.002326214
1.37	650.7	0.3103	2.6663	4.5144	0.3971	0.002105425
1.35	630.53	0.3118	2.658	4.4778	0.3918	0.002141056
1.1	676.25	0.2638	2.5053	3.8374	0.4217	0.001626617
1.26	789.53	0.2576	2.5323	3.7084	0.3498	0.001595886
1.28	716.8	0.2826	2.6142	4.1939	0.3903	0.001785714
1.18	669.2	0.278	2.5689	4.0594	0.4084	0.001763299
1.16	652.01	0.2821	2.571	4.0514	0.4132	0.001779114
1.73	779.25	0.3784	2.7974	4.727	0.5382	0.002220083
1.64	734.06	0.3524	2.7536	4.8018	0.4828	0.00223415
1.27	716.36	0.2808	2.6077	4.1716	0.3901	0.001772852
1.27	621.73	0.3052	2.6359	4.3216	0.3938	0.002042687
1.24	734.95	0.2696	2.5715	4.0109	0.3824	0.00168719
1.04	714.68	0.235	2.3898	3.4854	0.4209	0.001455197
1.34	634.07	0.3098	2.6561	4.4595	0.3929	0.002113331
1.57	753.05	0.3379	2.7503	4.6251	0.45	0.002084855
1.53	640.35	0.3333	2.6781	4.7822	0.4171	0.002389318
1.15	694.7	0.2648	2.529	3.9226	0.4057	0.001655391
1.5	613.43	0.3311	2.6572	4.706	0.3964	0.002445267
1.15	714.89	0.2568	2.5064	3.8367	0.3977	0.001608639
1.49	758.51	0.3208	2.7232	4.4669	0.4195	0.001964378
1.41	749.33	0.3025	2.6806	4.3411	0.3973	0.001881681
1.78	779.02	0.391	2.7996	4.7835	0.5741	0.002284922
1.43	612.17	0.3234	2.6603	4.5937	0.387	0.002335952
1.13	718.5	0.251	2.4804	3.7525	0.3993	0.001572721
1.19	668.19	0.2799	2.5766	4.0882	0.407	0.001780931
1.17	728.02	0.2563	2.5123	3.838	0.3888	0.001607099
1.53	703.46	0.3316	2.7213	4.7387	0.437	0.002174964
1.46	634.74	0.3252	2.6753	4.6822	0.4016	0.002300154
1.29	615.33	0.3088	2.6413	4.3535	0.3903	0.002096436
1.69	746.08	0.3644	2.7667	4.8241	0.5115	0.002265173
1.08	764.75	0.2218	2.3626	3.3326	0.3744	0.001412226
1.32	707.75	0.2923	2.6436	4.3222	0.3947	0.001865065
1.34	677.14	0.3014	2.658	4.434	0.3985	0.001978911
1.08	768.52	0.2203	2.3574	3.3086	0.371	0.001405298
1.02	634.05	0.2711	2.4783	3.6661	0.4591	0.001608706
1.66	602.24	0.3466	2.5967	4.8398	0.4288	0.002756376
1.47	759.69	0.3163	2.7142	4.4241	0.4127	0.001935
1.52	616.64	0.3329	2.6578	4.7361	0.4017	0.002464971
1.64	733.15	0.3525	2.7531	4.8062	0.4832	0.002236923
1.13	796.46	0.2215	2.3746	3.2562	0.3402	0.001418778
1.18	658.25	0.2826	2.5794	4.092	0.4091	0.001792632
1.2	602.4	0.3032	2.6102	4.1348	0.4021	0.001992032
1.11	604.53	0.2941	2.5663	3.9201	0.4273	0.001836137
1.06	666.08	0.2614	2.4771	3.7314	0.4372	0.0015914
1.48	670.05	0.3241	2.6963	4.703	0.4159	0.00220879
1.06	684.24	0.2535	2.4575	3.6865	0.43	0.001549164
1.47	645.77	0.3248	2.6823	4.6949	0.4067	0.002276352
1.39	615.6	0.319	2.6599	4.5368	0.3869	0.00225796
1.13	606.97	0.2949	2.5756	3.9709	0.4215	0.001861707
1.28	734.3	0.2765	2.5978	4.0984	0.3837	0.001743157
1.39	687.01	0.3072	2.6763	4.5103	0.4026	0.00202326
1.64	657.14	0.3476	2.6805	4.9154	0.4591	0.002495663
1.66	672.71	0.3524	2.694	4.9407	0.4772	0.002467631
1.14	720.6	0.2534	2.494	3.7919	0.3958	0.001582015
1.11	608.15	0.2925	2.5637	3.9203	0.428	0.001825208
1.79	732.76	0.3833	2.7451	4.9643	0.5708	0.002442819
1.49	603.19	0.3304	2.6498	4.6647	0.3879	0.0024702
1.73	627.1	0.3562	2.6058	4.9491	0.4771	0.002758731
1.35	628.22	0.3124	2.6579	4.4802	0.3911	0.002148929
1.61	622.56	0.3428	2.6444	4.8498	0.4287	0.002586096
1.52	629.98	0.3328	2.6696	4.7627	0.4102	0.002412775
1.12	774.2	0.2269	2.3941	3.3894	0.3616	0.001446655
1.7	624.22	0.3522	2.6158	4.9227	0.4608	0.002723399
1.09	662.6	0.2673	2.5064	3.8267	0.4295	0.001645035
1.03	680.5	0.2496	2.4283	3.5912	0.4421	0.001513593
1.58	636.21	0.3396	2.6676	4.8401	0.4284	0.002483457
1.61	724.77	0.346	2.7442	4.7921	0.4682	0.002221394
1.69	775.39	0.3677	2.7892	4.6954	0.5117	0.002179548
1.64	763.57	0.3559	2.7738	4.6924	0.4864	0.002147806
1.12	748.79	0.2378	2.435	3.5704	0.3813	0.001495746
1.75	775.09	0.3821	2.795	4.7678	0.5503	0.002257802
1.53	626.57	0.3333	2.6662	4.7618	0.409	0.002441866
1.37	745.08	0.2938	2.656	4.267	0.3899	0.001838729
1.38	664.77	0.3106	2.674	4.5415	0.4007	0.002075906
1.73	687.05	0.3655	2.6959	4.9981	0.5198	0.002518012
1.58	632.07	0.3388	2.6643	4.8276	0.4241	0.002499723
1.22	661.34	0.2863	2.5983	4.1711	0.4039	0.001844739
1.47	742.64	0.3173	2.7137	4.5029	0.4163	0.001979425
1.25	772.56	0.2601	2.5415	3.8048	0.3612	0.001617997
1.79	772.97	0.3927	2.7929	4.8236	0.5825	0.002315743
1.15	625.01	0.2904	2.5788	4.0352	0.4167	0.001839971
1.66	627.14	0.3482	2.6355	4.9	0.4479	0.002646937
1.39	614.12	0.3194	2.6594	4.5379	0.3863	0.002263401
1.44	773.85	0.3074	2.6943	4.2789	0.3975	0.001860826
1.49	751.77	0.3209	2.7223	4.4971	0.4206	0.001981989
1.14	619.58	0.291	2.5745	4.0024	0.4198	0.001839956
1.6	700.91	0.3439	2.7264	4.8413	0.4615	0.002282747
1.27	692.81	0.2868	2.6197	4.2499	0.3959	0.001833114
1.56	694.54	0.3367	2.7196	4.7973	0.4448	0.002246091
1.75	716.17	0.3742	2.7294	4.9779	0.5455	0.002443554
1.29	667.81	0.2952	2.6349	4.3314	0.398	0.001931687
1.37	622.04	0.316	2.6602	4.5138	0.3891	0.002202431
1.23	785.55	0.2525	2.512	3.6692	0.3508	0.001565782
1.77	649.15	0.3654	2.6211	5.013	0.5184	0.002726643
1.79	607.3	0.3597	2.5304	4.922	0.4903	0.002947472
1.45	739.37	0.3135	2.7052	4.4802	0.4114	0.001961129
1.55	763.97	0.3331	2.7463	4.5375	0.4392	0.002028875
1.06	700.7	0.2451	2.4307	3.6093	0.4238	0.001512773
1.56	687.52	0.3362	2.7146	4.8041	0.4421	0.002269025
1.72	674.19	0.3623	2.6804	4.9963	0.5084	0.00255121
1.2	607.47	0.3014	2.6084	4.1372	0.4035	0.001975406
1.16	664.15	0.2776	2.562	4.0295	0.4119	0.001746593
1.75	692.74	0.3701	2.6978	5.0105	0.5349	0.0025262
1.64	719.04	0.3513	2.7421	4.8454	0.4805	0.002280819
1.36	700.18	0.3009	2.6655	4.43	0.3993	0.001942358
1.79	666.16	0.3706	2.644	5.036	0.5388	0.002687042
1.75	687.47	0.3693	2.6901	5.0146	0.5325	0.002545566
1.43	756.91	0.307	2.6926	4.3536	0.401	0.00188926
1.13	630.25	0.2864	2.5652	3.989	0.4214	0.001792939
1.44	712.65	0.313	2.6975	4.5466	0.4108	0.002020627
1.68	609.96	0.349	2.6004	4.8757	0.4423	0.002754279
1.66	751.49	0.3581	2.7683	4.7647	0.4945	0.002208945
1.44	653.35	0.3196	2.6824	4.6416	0.4041	0.002204025
1.2	687.65	0.2763	2.5757	4.0871	0.4009	0.001745074
1.52	674.57	0.3307	2.7036	4.7672	0.4278	0.002253287
1.36	674.77	0.3058	2.6682	4.4898	0.4	0.002015502
1.46	623.05	0.3254	2.6675	4.6573	0.3952	0.002343311
1.68	701.28	0.3586	2.7232	4.9361	0.499	0.002395619
1.12	716.91	0.2497	2.4727	3.7305	0.4017	0.00156226
1.02	752.8	0.2138	2.3089	3.216	0.3961	0.001354942
1.6	740.81	0.344	2.7519	4.7203	0.4635	0.002159798
1.76	714.49	0.3755	2.7254	4.9881	0.5502	0.002463295
1.14	661.83	0.2747	2.5452	3.9646	0.4175	0.001722497
1.35	611.35	0.3162	2.654	4.4703	0.3851	0.002208228
1.16	762.96	0.2407	2.4558	3.5926	0.3677	0.001520394
1.06	693.15	0.249	2.4435	3.6471	0.4268	0.001529251
1	635.51	0.2677	2.4581	3.5993	0.4677	0.001573539
1.46	795.36	0.31	2.6997	4.1789	0.3937	0.001835647
1.1	720.76	0.2458	2.4556	3.6751	0.4017	0.001526167
1.13	667.46	0.2722	2.5389	3.9473	0.4169	0.001692985
1.72	716.23	0.3669	2.7356	4.9435	0.5229	0.002401463
1.26	705.09	0.2811	2.6045	4.1776	0.3933	0.001787006
1.34	787.13	0.281	2.617	3.9645	0.3652	0.001702387
1.19	766.74	0.2476	2.4886	3.6735	0.3636	0.001552025
1.24	710.26	0.2767	2.5899	4.1184	0.392	0.00174584
1.66	693.57	0.3545	2.7171	4.927	0.487	0.002393414
1.56	740.52	0.3355	2.7426	4.6602	0.4465	0.002106628
1.63	738.53	0.3518	2.7564	4.7811	0.4811	0.002207087
1.38	654.01	0.3117	2.6707	4.54	0.3985	0.002110059
1.74	779.87	0.3811	2.7988	4.736	0.5453	0.002231141
1.51	763.56	0.3256	2.7332	4.4821	0.4263	0.001977579
1.56	653.06	0.3368	2.6871	4.8264	0.4308	0.002388754
1.62	682.73	0.3458	2.7105	4.885	0.4621	0.002372827
1.6	642.72	0.342	2.6714	4.8666	0.4377	0.00248942
1.17	771.17	0.2419	2.4641	3.5901	0.3607	0.001517175
1.18	723.58	0.2596	2.5247	3.8834	0.3903	0.00163078
1.47	782.37	0.3126	2.7069	4.2779	0.402	0.001878906
1.29	644.31	0.3016	2.6409	4.3631	0.3965	0.002002142
1.34	698.46	0.2964	2.6525	4.3765	0.397	0.001918506
1.09	692	0.2546	2.4737	3.7417	0.4197	0.001575145
1.18	774.24	0.242	2.4652	3.5828	0.3582	0.001524075
1.36	636.91	0.3118	2.6618	4.5005	0.3937	0.00213531
1.29	795.66	0.2658	2.5631	3.7663	0.35	0.001621296
1.62	662.26	0.3457	2.6891	4.8998	0.4556	0.002446169
1.06	654.32	0.266	2.4858	3.7414	0.4421	0.001620002
1.65	759.86	0.3572	2.7729	4.7194	0.4906	0.002171453
1.7	710.17	0.3634	2.7305	4.9419	0.5131	0.002393793
1.04	689.29	0.2478	2.4309	3.6063	0.4336	0.001508799
1.05	789.56	0.2044	2.285	3.0534	0.3547	0.001329855
1.54	714.61	0.3327	2.7281	4.7222	0.4405	0.002155022
1.77	725.61	0.3799	2.7377	4.9741	0.5617	0.002439327
1.35	730.95	0.2937	2.6536	4.3039	0.3924	0.001846912
1.51	614.95	0.3321	2.6574	4.722	0.3991	0.002455484
1.11	629.78	0.2835	2.549	3.9209	0.4287	0.00176252
1.1	751.19	0.2319	2.4067	3.4858	0.3825	0.001464343
1.76	765.87	0.384	2.7863	4.8256	0.56	0.00229804
1.13	611.42	0.2928	2.5713	3.9649	0.423	0.001848157
1.25	649.94	0.2952	2.6237	4.2773	0.3997	0.001923254
1.75	710.99	0.3729	2.7231	4.9858	0.5423	0.002461357
1.7	642.9	0.3544	2.6443	4.956	0.4752	0.002644268
1.52	714.58	0.3292	2.7241	4.6925	0.4342	0.002127124
1.26	684.46	0.287	2.6161	4.2424	0.3975	0.001840867
1.79	775.49	0.3922	2.7958	4.8079	0.5796	0.002308218
1.73	717.46	0.369	2.7357	4.9506	0.5292	0.002411284
1.78	657.44	0.3681	2.6315	5.0266	0.5293	0.002707471
1.26	761.09	0.2649	2.5592	3.8982	0.369	0.00165552
1.66	776.57	0.36	2.784	4.646	0.4925	0.002137605
1.16	794.23	0.2295	2.412	3.3628	0.3414	0.001460534
1.38	677.78	0.3079	2.6741	4.5173	0.4017	0.002036059
1.25	691.09	0.2833	2.6061	4.1987	0.3968	0.001808737
1.43	651.86	0.319	2.6809	4.6327	0.403	0.002193723
1.78	604.48	0.3582	2.5312	4.9095	0.4824	0.00294468
1.67	770.25	0.3631	2.7831	4.6992	0.502	0.002168127
1.15	614.77	0.2938	2.5817	4.0222	0.4171	0.001870618
1.1	647.34	0.2751	2.5282	3.8795	0.4299	0.001699262
1.67	608.76	0.3475	2.6049	4.8624	0.436	0.002743281
1.56	610.85	0.337	2.6444	4.7694	0.4059	0.002553818
1.76	686.27	0.3704	2.6859	5.0209	0.5364	0.002564588
1.45	690.94	0.3175	2.6978	4.6235	0.4132	0.00209859
1.7	667.5	0.3571	2.6793	4.9732	0.4905	0.002546816
1.36	627.51	0.3137	2.6598	4.4977	0.3909	0.002167296
1.26	651.68	0.2955	2.6259	4.2886	0.3993	0.001933464
1.36	779.58	0.287	2.6368	4.0613	0.3736	0.001744529
1.42	625.06	0.3206	2.6669	4.595	0.3922	0.002271782
1.6	735	0.3454	2.75	4.7525	0.4669	0.002176871
1.49	693.67	0.3247	2.7092	4.6928	0.4235	0.002147995
1.42	710.97	0.31	2.6907	4.5189	0.4074	0.001997271
1.3	650.85	0.3017	2.6454	4.3875	0.3967	0.001997388
1.8	688.84	0.3767	2.6775	5.042	0.5592	0.002613089
1.42	724.33	0.3081	2.6899	4.4713	0.4056	0.001960432
1.68	705.14	0.3591	2.7273	4.9302	0.5005	0.002382506
1.73	626.76	0.3565	2.6034	4.9505	0.4786	0.002760227
1.4	724.96	0.3037	2.6796	4.4249	0.4012	0.001931141
1.66	637.89	0.3489	2.651	4.9165	0.455	0.00260233
1.49	747.08	0.3208	2.7213	4.5162	0.4211	0.001994432
1.45	633.45	0.324	2.674	4.6631	0.3994	0.002289052
1.59	703.23	0.3423	2.7278	4.8245	0.4583	0.002260996
1.05	722.67	0.2336	2.3909	3.4838	0.4128	0.001452945
1.28	646.42	0.2991	2.6345	4.3292	0.3977	0.001980137
1.2	724.69	0.2627	2.5391	3.9271	0.3885	0.00165588
1.14	608.73	0.2954	2.5811	4.0025	0.4182	0.001872751
1.72	679.27	0.3631	2.6873	4.9958	0.5116	0.00253213
1.38	606.71	0.3192	2.6547	4.5016	0.3827	0.002274563
1.33	783.75	0.2771	2.6042	3.9424	0.3639	0.00169697
1.54	647.21	0.3348	2.6831	4.8042	0.4238	0.002379444
1.37	600.96	0.3198	2.6517	4.4817	0.38	0.002279686
1.06	603.7	0.2896	2.5355	3.7826	0.4458	0.001755839
1.43	711	0.3126	2.6961	4.5454	0.4102	0.002011252
1.1	657.71	0.271	2.5207	3.8701	0.4273	0.00167247
1.12	673.06	0.2672	2.5197	3.8842	0.4195	0.001664042
1.44	609.01	0.3258	2.658	4.6182	0.3868	0.002364493
1.25	661.94	0.2915	2.6188	4.2591	0.4	0.001888389
1.41	721.3	0.3072	2.6872	4.4693	0.4047	0.001954804
1.63	730.78	0.3509	2.7507	4.8041	0.4794	0.002230493
1.01	685.16	0.2435	2.3978	3.5015	0.4477	0.001474108
1.2	634.31	0.2934	2.6035	4.1656	0.4058	0.001891819
1.6	790.21	0.3461	2.7718	4.4777	0.4573	0.002024778
1.62	612.18	0.3433	2.6277	4.8353	0.4239	0.002646281
1.28	785.57	0.2657	2.5635	3.8147	0.3559	0.00162939
1.31	622.37	0.3095	2.648	4.4046	0.3906	0.002104857
1.5	673.1	0.3278	2.701	4.7394	0.4224	0.002228495
1.13	734.87	0.2447	2.4606	3.6711	0.3898	0.001537687
1.6	764.83	0.345	2.7633	4.6172	0.4623	0.002091968
1.79	726.5	0.3839	2.7348	4.9867	0.5748	0.002463868
1.13	743.94	0.2424	2.455	3.638	0.3832	0.00151894
1.07	795.71	0.2062	2.2975	3.0621	0.3459	0.001344711
1.34	776.6	0.2815	2.6191	4.0201	0.3703	0.00172547
1.69	780.52	0.3695	2.7935	4.6749	0.5142	0.002165223
1.55	656.57	0.3353	2.6908	4.8135	0.4293	0.002360754
1.75	601.09	0.355	2.543	4.8877	0.4654	0.002911378
1.6	746.79	0.3462	2.7569	4.7105	0.4677	0.002142503
1.25	702.52	0.2795	2.5973	4.1548	0.3942	0.001779309
1.03	750.74	0.2175	2.3281	3.2714	0.3951	0.00137198
1.32	659.27	0.3016	2.6497	4.4076	0.3972	0.002002215
1.68	732.98	0.3616	2.755	4.8608	0.5062	0.002292013
1.15	600.42	0.2995	2.5896	4.0184	0.4141	0.001915326
1.2	650.81	0.2872	2.5928	4.1397	0.4071	0.001843856
1.2	758	0.2525	2.5076	3.7552	0.3696	0.001583113
1.49	616.94	0.3296	2.6615	4.6962	0.3966	0.002415146
1.32	655.75	0.3024	2.65	4.411	0.3969	0.002012962
1.37	716.23	0.2988	2.6649	4.3893	0.3976	0.001912793
1.07	771.19	0.2157	2.3344	3.2399	0.3708	0.001387466
1.78	644.86	0.3656	2.6099	5.0104	0.5189	0.002760289
1.56	795.55	0.3362	2.7562	4.3766	0.436	0.001960908
1.32	753.98	0.2819	2.6199	4.1124	0.3792	0.00175071
1.19	781.16	0.2433	2.4724	3.5774	0.3526	0.001523375
1.11	701.03	0.2557	2.4893	3.7915	0.4098	0.001583384
1.44	706.87	0.3139	2.6975	4.5664	0.4114	0.00203715
1.3	651.15	0.301	2.6434	4.3764	0.3969	0.001996468
1.44	637.87	0.3225	2.6761	4.6537	0.4002	0.002257513
1.36	623.25	0.3148	2.6591	4.4992	0.3895	0.00218211
1.27	628.07	0.3034	2.6351	4.3223	0.3953	0.002022068
1.76	646.4	0.3632	2.6229	5.0021	0.5089	0.002722772
1.23	684.28	0.2809	2.5925	4.1504	0.3997	0.00179751
1.46	763.68	0.3133	2.7079	4.3798	0.4077	0.001911796
1.18	604.43	0.3011	2.6035	4.1028	0.406	0.001952253
1.78	699.59	0.3758	2.7	5.0225	0.5541	0.002544347
1.56	702.55	0.3362	2.7244	4.7788	0.4455	0.002220483
1.79	786.16	0.3958	2.807	4.7608	0.5843	0.00227689
1.4	741.74	0.3021	2.6785	4.3624	0.398	0.001887454
1.04	612.49	0.2838	2.5162	3.7372	0.4528	0.001697987
1.13	636.05	0.2835	2.5582	3.9729	0.4226	0.00177659
1.66	601.79	0.3462	2.5979	4.8354	0.4269	0.002758437
1.16	750.76	0.2468	2.4794	3.693	0.3758	0.001545101
1.42	606.41	0.3235	2.6566	4.5733	0.3836	0.00234165
1.64	600.96	0.3442	2.6059	4.8166	0.4193	0.002728967
1.64	705.78	0.3506	2.7308	4.8765	0.478	0.00232367
1.64	748.82	0.3533	2.7637	4.7476	0.4835	0.002190112
1.26	665.73	0.2922	2.6236	4.2805	0.3991	0.001892659
1.6	627.68	0.3413	2.6546	4.8446	0.4277	0.00254907
1.27	783.75	0.2622	2.5501	3.7843	0.3553	0.001620415
1.66	667.79	0.352	2.688	4.9418	0.4749	0.002485811
1.69	719.91	0.3627	2.742	4.9105	0.5103	0.002347516
1.27	708.02	0.2817	2.6077	4.1855	0.3925	0.001793735
1.2	612.29	0.3002	2.6089	4.1511	0.4036	0.001959856
1.55	737.64	0.3344	2.7401	4.6628	0.4446	0.002101296
1.54	670.53	0.3331	2.7017	4.7911	0.4306	0.002296691
1.1	778.74	0.2204	2.3631	3.2923	0.3595	0.001412538
1.29	761.85	0.2741	2.5935	4.0002	0.372	0.001693247
1.14	659.79	0.2757	2.5479	3.9724	0.4176	0.001727822
1.04	782.63	0.2037	2.2768	3.0558	0.3643	0.001328853
1.17	661.14	0.2791	2.5661	4.0424	0.4118	0.001769671
1.24	691.86	0.2803	2.5949	4.1557	0.3974	0.00179227
1.08	736.51	0.2331	2.4019	3.4993	0.3972	0.001466375
1.18	712.65	0.2628	2.5327	3.923	0.3955	0.001655792
1.27	782.7	0.2641	2.5574	3.8097	0.3567	0.001622588
1.16	738.91	0.2501	2.4891	3.748	0.3837	0.00156988
1.53	666.13	0.333	2.6985	4.7916	0.4288	0.002296849
1.22	765.13	0.2566	2.5264	3.7875	0.365	0.0015945
1.67	759.69	0.3618	2.7757	4.7464	0.5016	0.002198265
1.35	771.58	0.2862	2.6346	4.0907	0.3761	0.001749657
1.52	680.04	0.33	2.7067	4.7574	0.4285	0.002235163
1.07	724.77	0.2373	2.4142	3.5491	0.406	0.00147633
1.62	694.25	0.3467	2.7209	4.8743	0.4669	0.002333453
1.32	657.11	0.3026	2.6515	4.4183	0.397	0.002008796
1.68	620.73	0.3503	2.6165	4.905	0.4522	0.002706491
1.44	736.02	0.3111	2.6992	4.468	0.4085	0.001956469
1.4	677.22	0.3116	2.6816	4.5622	0.4042	0.002067275
1.2	624.85	0.2956	2.6031	4.1476	0.4064	0.001920461
1.68	658.39	0.3532	2.6727	4.9528	0.476	0.002551679
1.58	625.1	0.3395	2.6551	4.8242	0.4216	0.002527596
1.54	686.17	0.3335	2.7125	4.7827	0.4365	0.002244342
1.78	677.49	0.3722	2.6643	5.0371	0.5442	0.002627345
1.09	695.56	0.2534	2.4712	3.7346	0.4177	0.001567083
1.36	625.62	0.3143	2.6598	4.501	0.3903	0.002173844
1.58	603.79	0.3393	2.6294	4.7768	0.4065	0.002616804
1.59	651.61	0.3409	2.6825	4.8616	0.4392	0.00244011
1.45	744.35	0.3117	2.7021	4.446	0.4087	0.001948008
1.74	698.84	0.3691	2.7092	4.9956	0.5313	0.00248984
1.34	657.02	0.3056	2.6591	4.4611	0.3972	0.002039512
1.75	684	0.3675	2.6873	5.0112	0.5265	0.00255848
1.09	685.94	0.2574	2.4819	3.7659	0.4219	0.00158906
1.69	697.15	0.3597	2.7174	4.9509	0.5021	0.002424155
1.43	702.32	0.3121	2.6922	4.5535	0.4088	0.002036109
1.02	703.85	0.2367	2.385	3.473	0.433	0.001449172
1.44	615.1	0.3249	2.6622	4.6267	0.3899	0.002341083
1.74	611.35	0.3555	2.5697	4.9163	0.4701	0.00284616
1.75	606.96	0.356	2.5543	4.9078	0.4714	0.002883221
1.21	656.01	0.2878	2.6001	4.1751	0.4044	0.001844484
1.5	663.29	0.3281	2.695	4.7436	0.4192	0.002261454
1.51	621.75	0.3317	2.6635	4.7344	0.4031	0.002428629
1.08	752.73	0.2274	2.3843	3.4205	0.384	0.001434777
1.1	789.07	0.2178	2.3545	3.2333	0.3491	0.001394046
1.02	790.85	0.1956	2.2376	2.9294	0.3586	0.001289752
1.24	756.08	0.2622	2.5478	3.8799	0.3711	0.001640038
1.04	649.44	0.2662	2.478	3.7044	0.4485	0.00160138
1.53	734.44	0.3294	2.7323	4.635	0.4356	0.00208322
1.63	731.89	0.3508	2.7514	4.7994	0.4791	0.002227111
1.35	730.84	0.2932	2.6522	4.2991	0.3921	0.00184719
1.43	754.1	0.3063	2.6905	4.3583	0.4006	0.0018963
1.26	790.79	0.2591	2.5383	3.7197	0.3496	0.001593343
1.58	669.11	0.3402	2.7	4.854	0.4448	0.002361346
1.01	615.45	0.2786	2.486	3.6322	0.4679	0.001641076
1.23	779.47	0.2547	2.5204	3.7175	0.3554	0.001577995
1.6	735.42	0.3442	2.7493	4.7426	0.4643	0.002175628
1.38	633.53	0.3156	2.6663	4.5473	0.3935	0.002178271
1.54	631.89	0.3344	2.6698	4.7827	0.4144	0.002437133
1.62	684.92	0.3472	2.712	4.8923	0.4661	0.00236524
1.55	678.38	0.3353	2.7079	4.8065	0.4377	0.002284855
1.34	781.85	0.2813	2.6183	3.9937	0.3679	0.001713884
1.13	647.62	0.279	2.5501	3.9629	0.4217	0.00174485
1.32	753.41	0.2822	2.6208	4.1175	0.3796	0.001752034
1.23	769.98	0.2569	2.5286	3.777	0.3621	0.001597444
1.68	619.16	0.3498	2.6154	4.899	0.4497	0.002713354
1.54	631.13	0.3346	2.6688	4.7844	0.4144	0.002440068
1.75	775.86	0.383	2.7959	4.7674	0.5525	0.002255562
1.23	767.97	0.258	2.5326	3.7956	0.3635	0.001601625
1.31	678.18	0.2967	2.645	4.3706	0.3976	0.001931641
1.43	641.08	0.3203	2.6762	4.6316	0.3996	0.002230611
1.05	695.13	0.2465	2.4315	3.6107	0.4284	0.001510509
1.62	710.21	0.3471	2.7343	4.8422	0.47	0.002281015
1.41	638.14	0.3187	2.6729	4.6042	0.3971	0.002209546
1.61	697.63	0.3448	2.7239	4.8545	0.4631	0.002307814
1.15	701.51	0.2624	2.5232	3.9008	0.403	0.001639321
1.17	651.55	0.2832	2.5755	4.069	0.4119	0.001795718
1.53	693.09	0.3306	2.7148	4.7479	0.433	0.002207506
1.35	704.62	0.2973	2.6574	4.3851	0.3972	0.001915926
1.45	613.64	0.3262	2.661	4.6403	0.3902	0.002362949
1.11	687.26	0.2597	2.4959	3.8122	0.4174	0.001615109
1.54	727.43	0.3322	2.7333	4.6807	0.4404	0.002117042
1.28	600.61	0.3116	2.6374	4.3144	0.3864	0.002131167
1.14	608.97	0.2948	2.5783	3.9898	0.4197	0.001872013
1.6	649.16	0.3425	2.678	4.8747	0.4422	0.002464724
1.31	626.89	0.3078	2.6467	4.3953	0.3922	0.002089681
1.61	762.95	0.3476	2.7656	4.6438	0.4681	0.00211023
1.64	685.54	0.35	2.7112	4.9106	0.4734	0.002392275
1.51	702.26	0.3274	2.7163	4.7036	0.4294	0.002150201
1.07	789.83	0.2077	2.3028	3.0977	0.3525	0.001354722
1.51	710.33	0.3268	2.7194	4.6825	0.4298	0.002125773
1.7	679.95	0.3599	2.6937	4.978	0.5011	0.002500184
1.33	650.54	0.306	2.6565	4.4512	0.3962	0.002044455
1	657.36	0.2569	2.4322	3.5677	0.4609	0.001521236
1.09	608.03	0.2906	2.5518	3.8678	0.4347	0.001792675
1.48	775.84	0.3161	2.7148	4.3423	0.4088	0.00190761
1.42	667.08	0.3156	2.6841	4.606	0.4051	0.00212868
1.73	766.63	0.3774	2.7867	4.7919	0.5408	0.00225663
1.56	704.5	0.3365	2.7258	4.7765	0.4462	0.002214336
1.06	776.25	0.2131	2.3237	3.197	0.3663	0.001365539
1.79	710.02	0.3802	2.7117	5.0173	0.567	0.002521056
1.59	764.96	0.3433	2.7612	4.6049	0.4587	0.00207854
1.6	784.7	0.347	2.7719	4.5181	0.4611	0.002038996
1.18	605.62	0.3009	2.6039	4.1085	0.4058	0.001948416
1.63	751.38	0.3511	2.7635	4.7222	0.478	0.002169342
1.51	776.14	0.3241	2.7318	4.4051	0.4211	0.001945525
1.39	609.22	0.3202	2.657	4.5297	0.384	0.002281606
1.57	722.82	0.3378	2.7371	4.7387	0.4508	0.002172048
1.45	702.15	0.3159	2.6995	4.5939	0.4131	0.002065086
1.42	668.61	0.3153	2.6844	4.6037	0.4053	0.002123809
1.73	612.78	0.3546	2.5784	4.9152	0.4665	0.002823199
1.53	756.72	0.3284	2.737	4.5367	0.4322	0.002021884
1.34	673.19	0.3027	2.6597	4.4475	0.3986	0.001990523
1.56	736.44	0.3369	2.7426	4.6861	0.4493	0.002118299
1.48	688.58	0.323	2.7046	4.6815	0.4198	0.002149351
1.28	798.47	0.2612	2.5458	3.7039	0.3456	0.001603066
1.55	669.51	0.3347	2.7012	4.8065	0.4334	0.002315126
1.34	615.4	0.3145	2.6537	4.4592	0.3869	0.002177446
1.47	708.26	0.3204	2.7092	4.6272	0.4197	0.002075509
1.79	767.49	0.3918	2.7867	4.849	0.5829	0.002332278
1.65	644.85	0.3485	2.6623	4.9187	0.4568	0.002558735
1.45	791.24	0.307	2.6926	4.1795	0.3913	0.001832567
1.31	639.58	0.3048	2.6471	4.3982	0.3949	0.002048219
1.76	615.84	0.3582	2.5666	4.9382	0.4836	0.002857885
1.37	790.59	0.288	2.639	4.0136	0.3699	0.001732883
1.62	612.97	0.3434	2.6286	4.8378	0.4247	0.00264287
1.21	737.43	0.2622	2.5421	3.9122	0.3814	0.001640834
1.37	765.51	0.29	2.6462	4.1542	0.3813	0.001789657
1.24	766.9	0.2599	2.5402	3.8216	0.3645	0.001616899
1.79	764.26	0.3905	2.7832	4.8602	0.5804	0.002342135
1.18	786.41	0.2394	2.456	3.5121	0.3482	0.00150049
1.66	635.22	0.3496	2.6448	4.9191	0.4561	0.002613268
1.23	644.03	0.2939	2.6145	4.2293	0.402	0.001909849
1.6	694.33	0.3443	2.7212	4.857	0.4613	0.00230438
1.06	741.91	0.2271	2.3742	3.4132	0.3966	0.001428745
1.19	732.65	0.2586	2.525	3.8689	0.3849	0.001624241
1.32	658.52	0.3029	2.6528	4.4249	0.3972	0.002004495
1.76	701.49	0.3728	2.7082	5.0066	0.5433	0.002508945
1.57	693.13	0.3375	2.719	4.8067	0.4462	0.002265087
1.64	693.98	0.3506	2.7196	4.9014	0.4766	0.00236318
1.56	799.68	0.3363	2.7566	4.3497	0.4346	0.00195078
1.21	646.11	0.2899	2.6002	4.1664	0.4057	0.001872746
1.7	614.65	0.3513	2.5998	4.9002	0.4533	0.002765802
1.48	635.95	0.327	2.6764	4.706	0.4045	0.002327227
1.75	658.16	0.3639	2.6464	5.0097	0.5128	0.002658928
1.16	723.86	0.2559	2.5079	3.8307	0.3919	0.00160252
1.31	760.68	0.2772	2.6043	4.0383	0.3741	0.001722143
1.05	636.34	0.2733	2.4981	3.7438	0.4484	0.001650061
1.06	759.63	0.2202	2.351	3.3143	0.3815	0.001395416
1.06	708.72	0.2415	2.4198	3.5756	0.4194	0.001495654
1.74	671.91	0.3643	2.6721	5.0079	0.5153	0.002589633
1.11	699.96	0.255	2.4845	3.7765	0.4115	0.001585805
1.23	689.86	0.2797	2.5912	4.1432	0.3983	0.00178297
1.38	662.01	0.3104	2.6723	4.536	0.4	0.002084561
1.59	611.55	0.3398	2.6378	4.801	0.4135	0.002599951
1.64	663.95	0.3491	2.687	4.9242	0.4655	0.002470066
1.6	773.56	0.3467	2.7683	4.5811	0.4636	0.002068359
1.22	695.8	0.276	2.5796	4.0972	0.3977	0.001753377
1.64	752.44	0.3537	2.7661	4.7333	0.4836	0.002179576
1.1	742.4	0.2367	2.4253	3.556	0.3882	0.001481681
1.4	687.98	0.31	2.6829	4.5432	0.4049	0.002034943
1.18	726.43	0.2584	2.5208	3.8667	0.389	0.001624382
1.39	705.77	0.3042	2.6759	4.464	0.4018	0.00196948
1.52	623.35	0.3323	2.6643	4.7448	0.4052	0.002438437
1.74	690.8	0.3673	2.6991	5.0009	0.5256	0.002518819
1.02	752.05	0.2148	2.3143	3.2318	0.3961	0.001356293
1.21	744.17	0.2592	2.5322	3.8658	0.3778	0.001625973
1.2	729.19	0.2617	2.5366	3.9116	0.3862	0.001645662
1.69	665.53	0.3564	2.6777	4.9696	0.4876	0.00253933
1.74	647.59	0.3614	2.6317	4.9952	0.5021	0.002686885
1	628.97	0.2712	2.4668	3.6095	0.4684	0.001589901
1.06	779.11	0.2097	2.3072	3.1453	0.3649	0.001360527
1.76	650	0.3643	2.6273	5.0089	0.5137	0.002707692
1.68	605.58	0.3487	2.5928	4.8636	0.4388	0.0027742
1.77	638.02	0.3635	2.6008	4.9959	0.5098	0.002774208
1.21	621.13	0.2983	2.6107	4.1785	0.4033	0.001948062
1.51	791.19	0.3225	2.729	4.3043	0.4139	0.001908518
1.62	708.34	0.3481	2.7329	4.8539	0.4723	0.002287037
1.3	627.81	0.3064	2.6438	4.3758	0.3931	0.00207069
1.43	745.79	0.3076	2.6928	4.4021	0.4034	0.00191743
1.38	729.15	0.3	2.6709	4.3761	0.3975	0.001892615
1.55	725.93	0.3342	2.735	4.7016	0.4441	0.002135192
1.27	759.81	0.2694	2.576	3.9536	0.371	0.00167147
1.16	673.49	0.2743	2.5556	4.0123	0.41	0.001722372
1.26	633.59	0.3006	2.6302	4.299	0.3974	0.001988668
1.64	665.57	0.349	2.6892	4.9227	0.4657	0.002464053
1.65	715.72	0.3532	2.7395	4.8676	0.4853	0.002305371
1.68	716.22	0.3595	2.7391	4.9038	0.5017	0.002345648
1.19	748.64	0.253	2.5068	3.7785	0.3758	0.001589549
1.75	600.48	0.3549	2.5415	4.8858	0.4649	0.002914335
1.25	636.49	0.2981	2.6239	4.268	0.3994	0.001963896
1.7	732.43	0.3664	2.7541	4.8888	0.5194	0.002321041
1.17	721.15	0.2589	2.5203	3.8732	0.3921	0.001622409
1.18	779.98	0.2404	2.4595	3.5463	0.3536	0.001512859
1.05	711.84	0.2382	2.4045	3.5296	0.4202	0.001475051
1.15	793.43	0.2273	2.4016	3.3389	0.3424	0.001449403
1.06	710.76	0.2414	2.4216	3.5805	0.4171	0.001491361
1.58	642.11	0.3393	2.6743	4.843	0.4309	0.002460638
1.72	781.92	0.3755	2.798	4.6972	0.5292	0.002199714
1.13	654.69	0.2757	2.542	3.9436	0.4216	0.001726008
1.58	720.02	0.34	2.7374	4.7644	0.4553	0.002194383
1.42	659.96	0.317	2.6827	4.6177	0.4042	0.002151646
1.06	646.81	0.2702	2.4985	3.7704	0.4419	0.001638812
1.53	611.36	0.3342	2.6507	4.739	0.4005	0.002502617
1.79	748.47	0.3882	2.7639	4.9234	0.5807	0.002391545
1.23	613.6	0.3024	2.6192	4.2106	0.3989	0.002004563
1	635.23	0.2679	2.4586	3.6004	0.4676	0.001574233
1.72	799.6	0.3785	2.8109	4.5986	0.5283	0.002151076
1.35	604.89	0.3169	2.651	4.4505	0.3825	0.002231811
1.25	692	0.2822	2.6024	4.1838	0.3968	0.001806358
1.09	627.21	0.2824	2.538	3.8702	0.4348	0.001737855
1.8	755.9	0.3909	2.7724	4.901	0.5857	0.002381267
1.43	651.14	0.3186	2.6801	4.6265	0.4023	0.002196148
1.52	648.46	0.3309	2.6853	4.7658	0.4172	0.002344015
1.03	620.27	0.2784	2.4967	3.6898	0.459	0.001660567
1.33	710.21	0.2932	2.6471	4.3313	0.3948	0.001872686
1.28	777.22	0.267	2.5684	3.8648	0.3612	0.001646895
1.63	610.17	0.344	2.6222	4.8367	0.4246	0.002671387
1.49	626.88	0.3291	2.6695	4.7139	0.4022	0.00237685
1.6	654.8	0.3429	2.6838	4.8788	0.4455	0.002443494
1.39	744.26	0.2996	2.6724	4.3298	0.3952	0.001867627
1.15	784.85	0.2317	2.4203	3.4224	0.35	0.001465248
1.26	688.9	0.2852	2.6118	4.2221	0.3969	0.001829003
1.6	691.64	0.3435	2.719	4.8552	0.4587	0.002313342
1.5	685.67	0.3265	2.707	4.7186	0.4242	0.002187641
1.24	627.47	0.3	2.6231	4.2537	0.399	0.00197619
1.58	626.71	0.3393	2.6574	4.8247	0.4221	0.002521102
1.77	649.12	0.3653	2.6216	5.0124	0.5178	0.002726769
1.12	749.83	0.2373	2.4331	3.5629	0.3806	0.001493672
1.77	634.42	0.3625	2.5959	4.9875	0.5052	0.00278995
1.06	748.41	0.2256	2.3712	3.3934	0.3904	0.001416336
1.07	627.55	0.2797	2.5221	3.8092	0.4421	0.001705043
1.48	691.02	0.3226	2.7052	4.6749	0.4198	0.002141761
1.74	618.93	0.3566	2.5836	4.9377	0.4771	0.002811303
1.33	692.54	0.2963	2.6501	4.376	0.3972	0.001920467
1.42	764.47	0.3039	2.6853	4.2926	0.3957	0.001857496
1.06	682.19	0.2537	2.4559	3.6798	0.4321	0.001553819
1.76	761.25	0.3827	2.7816	4.8429	0.558	0.002311987
1.09	775.72	0.221	2.365	3.3071	0.3625	0.001405146
1.32	629.03	0.3083	2.6493	4.4137	0.3923	0.002098469
1.43	621.28	0.3226	2.6658	4.6134	0.3916	0.0023017
1.13	688.43	0.2637	2.5181	3.8861	0.4114	0.001641416
1.09	729.96	0.2382	2.4238	3.5711	0.3995	0.001493233
1.08	798.83	0.2074	2.305	3.0688	0.3415	0.001351977
1.23	770.65	0.2562	2.5255	3.7656	0.3615	0.001596055
1.17	661.56	0.2799	2.5704	4.0595	0.4105	0.001768547
1.31	698.45	0.2923	2.6403	4.3255	0.3957	0.001875582
1.73	648.2	0.3594	2.6396	4.9859	0.4945	0.002668929
1.74	687.21	0.3664	2.6947	5.0019	0.5226	0.002531977
1.68	689.9	0.3564	2.7113	4.9447	0.4918	0.002435136
1.55	686.15	0.3345	2.713	4.7909	0.4383	0.002258981
1.52	755.66	0.3276	2.7353	4.5349	0.4309	0.002011487
1.71	766.6	0.372	2.7853	4.7656	0.5259	0.002230629
1.43	605.02	0.3247	2.6557	4.5861	0.3834	0.002363558
1.23	609.21	0.3041	2.6211	4.2137	0.3973	0.002019008
1.62	692.06	0.3469	2.7189	4.8798	0.4671	0.002340837
1.31	656.96	0.3016	2.6484	4.4019	0.3971	0.001994033
1.63	755.31	0.3527	2.7669	4.714	0.481	0.002158054
1.39	608.81	0.3206	2.657	4.5341	0.3839	0.002283143